0 1
0.1 1.41185
0.2 1.61677
0.3 1.67768
0.4 1.68718
0.5 1.6809
0.6 1.6698
0.7 1.65713
0.8 1.64383
0.9 1.63017
1 1.61623
1.1 1.60201
1.2 1.58751
1.3 1.57272
1.4 1.55762
1.5 1.54218
1.6 1.52638
1.7 1.5102
1.8 1.4936
1.9 1.47656
2 1.45903
2.1 1.44096
2.2 1.42231
2.3 1.40301
2.4 1.383
2.5 1.36219
2.6 1.34048
2.7 1.31774
2.8 1.29384
2.9 1.26857
3 1.24171
3.1 1.21295
3.2 1.18189
3.3 1.14799
3.4 1.1105
3.5 1.06832
3.6 1.01984
3.7 0.962495
3.8 0.892017
3.9 0.800734
4 0.673561
4.1 0.477418
4.2 0.131906
4.3 -0.540929
4.4 -1.4993
4.5 -1.89045
4.6 -1.96925
4.7 -1.99429
4.8 -1.99879
4.9 -1.9948
5 -1.98734
5.1 -1.97849
5.2 -1.96907
5.3 -1.95938
5.4 -1.94956
5.5 -1.93963
5.6 -1.9296
5.7 -1.91948
5.8 -1.90927
5.9 -1.89896
6 -1.88856
6.1 -1.87805
6.2 -1.86744
6.3 -1.85672
6.4 -1.8459
6.5 -1.83495
6.6 -1.82389
6.7 -1.8127
6.8 -1.80139
6.9 -1.78995
7 -1.77836
7.1 -1.76664
7.2 -1.75476
7.3 -1.74274
7.4 -1.73055
7.5 -1.71819
7.6 -1.70565
7.7 -1.69294
7.8 -1.68003
7.9 -1.66691
8 -1.65359
8.1 -1.64004
8.2 -1.62625
8.3 -1.61222
8.4 -1.59792
8.5 -1.58334
8.6 -1.56846
8.7 -1.55326
8.8 -1.53772
8.9 -1.52182
9 -1.50552
9.1 -1.4888
9.2 -1.47162
9.3 -1.45394
9.4 -1.43572
9.5 -1.41689
9.6 -1.3974
9.7 -1.37717
9.8 -1.35611
9.9 -1.33412
10 -1.31107
10.1 -1.2868
10.2 -1.2611
10.3 -1.23374
10.4 -1.20437
10.5 -1.17257
10.6 -1.13773
10.7 -1.09904
10.8 -1.05526
10.9 -1.00458
11 -0.944035
11.1 -0.868637
11.2 -0.769177
11.3 -0.627012
11.4 -0.39992
11.5 0.0160933
11.6 0.811992
11.7 1.69566
11.8 1.91921
11.9 1.97844
12 1.99644
12.1 1.99802
12.2 1.99282
12.3 1.98488
12.4 1.97583
12.5 1.96632
12.6 1.95659
12.7 1.94673
12.8 1.93677
12.9 1.92672
13 1.91657
13.1 1.90634
13.2 1.896
13.3 1.88557
13.4 1.87503
13.5 1.86439
13.6 1.85364
13.7 1.84278
13.8 1.8318
13.9 1.82071
14 1.80949
14.1 1.79814
14.2 1.78665
14.3 1.77503
14.4 1.76326
14.5 1.75134
14.6 1.73927
14.7 1.72703
14.8 1.71463
14.9 1.70204
15 1.68927
15.1 1.6763
15.2 1.66313
15.3 1.64974
15.4 1.63612
15.5 1.62227
15.6 1.60816
15.7 1.59378
15.8 1.57912
15.9 1.56415
16 1.54886
16.1 1.53322
16.2 1.51721
16.3 1.50079
16.4 1.48394
16.5 1.46663
16.6 1.4488
16.7 1.4304
16.8 1.41139
16.9 1.3917
17 1.37124
17.1 1.34993
17.2 1.32765
17.3 1.30427
17.4 1.27961
17.5 1.25347
17.6 1.22557
17.7 1.19556
17.8 1.16296
17.9 1.12712
18 1.08712
18.1 1.04159
18.2 0.988455
18.3 0.924309
18.4 0.843249
18.5 0.734133
18.6 0.57369
18.7 0.307531
18.8 -0.197213
18.9 -1.10073
19 -1.81789
19.1 -1.94759
19.2 -1.98791
19.3 -1.99864
19.4 -1.99723
19.5 -1.99082
19.6 -1.98239
19.7 -1.97314
19.8 -1.96355
19.9 -1.95378
20 -1.94389
20.1 -1.9339
20.2 -1.92382
20.3 -1.91365
20.4 -1.90338
20.5 -1.89302
20.6 -1.88256
20.7 -1.87199
20.8 -1.86132
20.9 -1.85054
21 -1.83965
21.1 -1.82864
21.2 -1.8175
21.3 -1.80625
21.4 -1.79486
21.5 -1.78334
21.6 -1.77167
21.7 -1.75986
21.8 -1.7479
21.9 -1.73578
22 -1.7235
22.1 -1.71104
22.2 -1.6984
22.3 -1.68557
22.4 -1.67255
22.5 -1.65932
22.6 -1.64586
22.7 -1.63218
22.8 -1.61825
22.9 -1.60407
23 -1.58961
23.1 -1.57486
23.2 -1.5598
23.3 -1.54441
23.4 -1.52867
23.5 -1.51254
23.6 -1.49601
23.7 -1.47903
23.8 -1.46157
23.9 -1.44359
24 -1.42502
24.1 -1.40582
24.2 -1.38592
24.3 -1.36523
24.4 -1.34365
24.5 -1.32107
24.6 -1.29734
24.7 -1.27228
24.8 -1.24567
24.9 -1.21721
25 -1.18651
25.1 -1.15305
25.2 -1.11613
25.3 -1.07471
25.4 -1.02726
25.5 -0.971398
25.6 -0.903166
25.7 -0.815551
25.8 -0.694946
25.9 -0.512002
26 -0.19619
26.1 0.416583
26.2 1.37667
26.3 1.87475
26.4 1.96441
26.5 1.99309
26.6 1.99912
26.7 1.99576
26.8 1.98856
26.9 1.97981
27 1.97044
27.1 1.96078
27.2 1.95097
27.3 1.94105
27.4 1.93104
27.5 1.92093
27.6 1.91073
27.7 1.90044
27.8 1.89005
27.9 1.87956
28 1.86896
28.1 1.85826
28.2 1.84745
28.3 1.83652
28.4 1.82548
28.5 1.81431
28.6 1.80302
28.7 1.79159
28.8 1.78003
28.9 1.76832
29 1.75647
29.1 1.74446
29.2 1.7323
29.3 1.71996
29.4 1.70746
29.5 1.69477
29.6 1.68188
29.7 1.6688
29.8 1.65551
29.9 1.64199
30 1.62824
30.1 1.61424
30.2 1.59998
30.3 1.58544
30.4 1.5706
30.5 1.55545
30.6 1.53996
30.7 1.52411
30.8 1.50788
30.9 1.49122
31 1.47411
31.1 1.4565
31.2 1.43836
31.3 1.41962
31.4 1.40023
31.5 1.38011
31.6 1.35917
31.7 1.33733
31.8 1.31443
31.9 1.29035
32 1.26487
32.1 1.23776
32.2 1.20871
32.3 1.17728
32.4 1.14293
32.5 1.10484
32.6 1.06189
32.7 1.01234
32.8 0.953448
32.9 0.880603
33 0.785413
33.1 0.651132
33.2 0.440454
33.3 0.0619221
33.4 -0.672309
33.5 -1.60568
33.6 -1.90438
33.7 -1.97363
33.8 -1.99529
33.9 -1.99839
34 -1.99381
34.1 -1.98611
34.2 -1.97717
34.3 -1.9677
34.4 -1.958
34.5 -1.94816
34.6 -1.93821
34.7 -1.92817
34.8 -1.91804
34.9 -1.90781
35 -1.89749
35.1 -1.88707
35.2 -1.87655
35.3 -1.86593
35.4 -1.85519
35.5 -1.84435
35.6 -1.83339
35.7 -1.82231
35.8 -1.81111
35.9 -1.79978
36 -1.78831
36.1 -1.77671
36.2 -1.76496
36.3 -1.75307
36.4 -1.74102
36.5 -1.7288
36.6 -1.71642
36.7 -1.70386
36.8 -1.69112
36.9 -1.67818
37 -1.66504
37.1 -1.65168
37.2 -1.6381
37.3 -1.62428
37.4 -1.6102
37.5 -1.59587
37.6 -1.58124
37.7 -1.56632
37.8 -1.55108
37.9 -1.53549
38 -1.51953
38.1 -1.50318
38.2 -1.4864
38.3 -1.46915
38.4 -1.45139
38.5 -1.43308
38.6 -1.41417
38.7 -1.39458
38.8 -1.37423
38.9 -1.35305
39 -1.33092
39.1 -1.30771
39.2 -1.28324
39.3 -1.25733
39.4 -1.2297
39.5 -1.20002
39.6 -1.16783
39.7 -1.1325
39.8 -1.09317
39.9 -1.04855
40 -0.996675
40.1 -0.934397
40.2 -0.856286
40.3 -0.752232
40.4 -0.601445
40.5 -0.35609
40.6 0.1016
40.7 0.954979
40.8 1.76598
40.9 1.93418
41 1.98343
41.1 1.99765
41.2 1.99768
41.3 1.99184
41.4 1.98365
41.5 1.97449
41.6 1.96494
41.7 1.95519
41.8 1.94532
41.9 1.93534
42 1.92528
42.1 1.91512
42.2 1.90487
42.3 1.89452
42.4 1.88407
42.5 1.87352
42.6 1.86286
42.7 1.8521
42.8 1.84122
42.9 1.83023
43 1.81911
43.1 1.80787
43.2 1.79651
43.3 1.785
43.4 1.77336
43.5 1.76157
43.6 1.74963
43.7 1.73754
43.8 1.72527
43.9 1.71284
44 1.70023
44.1 1.68743
44.2 1.67444
44.3 1.66123
44.4 1.64781
44.5 1.63416
44.6 1.62027
44.7 1.60612
44.8 1.59171
44.9 1.577
45 1.56199
45.1 1.54665
45.2 1.53096
45.3 1.51489
45.4 1.49842
45.5 1.4815
45.6 1.46412
45.7 1.44621
45.8 1.42773
45.9 1.40863
46 1.38883
46.1 1.36826
46.2 1.34681
46.3 1.32439
46.4 1.30083
46.5 1.27598
46.6 1.24961
46.7 1.22143
46.8 1.19108
46.9 1.15806
47 1.12169
47.1 1.081
47.2 1.03454
47.3 0.980081
47.4 0.913965
47.5 0.829762
47.6 0.715178
47.7 0.544124
47.8 0.254732
47.9 -0.301514
48 -1.24193
48.1 -1.85239
48.2 -1.95759
48.3 -1.99112
48.4 -1.99913
48.5 -1.99659
48.6 -1.98973
48.7 -1.98112
48.8 -1.9718
48.9 -1.96217
49 -1.95238
49.1 -1.94248
49.2 -1.93248
49.3 -1.92238
49.4 -1.9122
49.5 -1.90192
49.6 -1.89154
49.7 -1.88107
49.8 -1.87049
49.9 -1.8598
50 -1.849
50.1 -1.83809
50.2 -1.82706
50.3 -1.81591
50.4 -1.80464
50.5 -1.79323
50.6 -1.78169
50.7 -1.77
50.8 -1.75817
50.9 -1.74619
51 -1.73405
51.1 -1.72174
51.2 -1.70926
51.3 -1.69659
51.4 -1.68374
51.5 -1.67068
51.6 -1.65742
51.7 -1.64393
51.8 -1.63022
51.9 -1.61625
52 -1.60203
52.1 -1.58753
52.2 -1.57274
52.3 -1.55764
52.4 -1.5422
52.5 -1.5264
52.6 -1.51022
52.7 -1.49363
52.8 -1.47658
52.9 -1.45905
53 -1.44099
53.1 -1.42234
53.2 -1.40304
53.3 -1.38303
53.4 -1.36222
53.5 -1.34051
53.6 -1.31778
53.7 -1.29387
53.8 -1.26861
53.9 -1.24175
54 -1.21299
54.1 -1.18194
54.2 -1.14804
54.3 -1.11055
54.4 -1.06839
54.5 -1.01991
54.6 -0.962585
54.7 -0.89213
54.8 -0.800885
54.9 -0.67378
55 -0.477776
55.1 -0.132578
55.2 0.539645
55.3 1.49815
55.4 1.89031
55.5 1.96921
55.6 1.99428
55.7 1.99879
55.8 1.99481
55.9 1.98735
56 1.9785
56.1 1.96908
56.2 1.9594
56.3 1.94957
56.4 1.93964
56.5 1.92961
56.6 1.9195
56.7 1.90928
56.8 1.89898
56.9 1.88857
57 1.87807
57.1 1.86746
57.2 1.85674
57.3 1.84591
57.4 1.83497
57.5 1.82391
57.6 1.81272
57.7 1.80141
57.8 1.78996
57.9 1.77838
58 1.76665
58.1 1.75478
58.2 1.74275
58.3 1.73056
58.4 1.71821
58.5 1.70567
58.6 1.69296
58.7 1.68004
58.8 1.66693
58.9 1.65361
59 1.64006
59.1 1.62627
59.2 1.61224
59.3 1.59794
59.4 1.58336
59.5 1.56848
59.6 1.55328
59.7 1.53774
59.8 1.52184
59.9 1.50555
60 1.48883
60.1 1.47165
60.2 1.45397
60.3 1.43574
60.4 1.41692
60.5 1.39743
60.6 1.3772
60.7 1.35614
60.8 1.33415
60.9 1.3111
61 1.28683
61.1 1.26114
61.2 1.23378
61.3 1.20442
61.4 1.17262
61.5 1.13779
61.6 1.09909
61.7 1.05533
61.8 1.00465
61.9 0.94413
62 0.868759
62.1 0.769343
62.2 0.62726
62.3 0.400342
62.4 -0.0152753
62.5 -0.81057
62.6 -1.69486
62.7 -1.91906
62.8 -1.97839
62.9 -1.99643
63 -1.99803
63.1 -1.99283
63.2 -1.98489
63.3 -1.97584
63.4 -1.96633
63.5 -1.9566
63.6 -1.94675
63.7 -1.93679
63.8 -1.92673
63.9 -1.91659
64 -1.90635
64.1 -1.89602
64.2 -1.88558
64.3 -1.87505
64.4 -1.86441
64.5 -1.85366
64.6 -1.8428
64.7 -1.83182
64.8 -1.82072
64.9 -1.8095
65 -1.79815
65.1 -1.78667
65.2 -1.77505
65.3 -1.76328
65.4 -1.75136
65.5 -1.73929
65.6 -1.72705
65.7 -1.71464
65.8 -1.70206
65.9 -1.68929
66 -1.67632
66.1 -1.66315
66.2 -1.64976
66.3 -1.63614
66.4 -1.62229
66.5 -1.60818
66.6 -1.5938
66.7 -1.57914
66.8 -1.56417
66.9 -1.54888
67 -1.53324
67.1 -1.51723
67.2 -1.50082
67.3 -1.48397
67.4 -1.46665
67.5 -1.44882
67.6 -1.43043
67.7 -1.41142
67.8 -1.39173
67.9 -1.37127
68 -1.34996
68.1 -1.32768
68.2 -1.3043
68.3 -1.27965
68.4 -1.25351
68.5 -1.22561
68.6 -1.1956
68.7 -1.16301
68.8 -1.12717
68.9 -1.08718
69 -1.04166
69.1 -0.988539
69.2 -0.924411
69.3 -0.843382
69.4 -0.734319
69.5 -0.573977
69.6 -0.308038
69.7 0.196212
69.8 1.09928
69.9 1.81746
70 1.94747
70.1 1.98787
70.2 1.99863
70.3 1.99723
70.4 1.99083
70.5 1.9824
70.6 1.97316
70.7 1.96356
70.8 1.95379
70.9 1.9439
71 1.93391
71.1 1.92384
71.2 1.91366
71.3 1.9034
71.4 1.89304
71.5 1.88257
71.6 1.87201
71.7 1.86134
71.8 1.85056
71.9 1.83966
72 1.82865
72.1 1.81752
72.2 1.80626
72.3 1.79488
72.4 1.78335
72.5 1.77169
72.6 1.75988
72.7 1.74792
72.8 1.7358
72.9 1.72351
73 1.71106
73.1 1.69842
73.2 1.68559
73.3 1.67257
73.4 1.65933
73.5 1.64588
73.6 1.6322
73.7 1.61827
73.8 1.60409
73.9 1.58963
74 1.57488
74.1 1.55982
74.2 1.54443
74.3 1.52869
74.4 1.51257
74.5 1.49603
74.6 1.47906
74.7 1.4616
74.8 1.44361
74.9 1.42505
75 1.40585
75.1 1.38595
75.2 1.36526
75.3 1.34368
75.4 1.3211
75.5 1.29738
75.6 1.27232
75.7 1.24571
75.8 1.21725
75.9 1.18655
76 1.1531
76.1 1.11619
76.2 1.07477
76.3 1.02734
76.4 0.971485
76.5 0.903276
76.6 0.815696
76.7 0.695153
76.8 0.512334
76.9 0.196801
77 -0.415388
77.1 -1.37538
77.2 -1.87457
77.3 -1.96435
77.4 -1.99308
77.5 -1.99912
77.6 -1.99576
77.7 -1.98857
77.8 -1.97983
77.9 -1.97045
78 -1.96079
78.1 -1.95098
78.2 -1.94107
78.3 -1.93105
78.4 -1.92095
78.5 -1.91075
78.6 -1.90046
78.7 -1.89007
78.8 -1.87957
78.9 -1.86898
79 -1.85828
79.1 -1.84747
79.2 -1.83654
79.3 -1.82549
79.4 -1.81433
79.5 -1.80303
79.6 -1.79161
79.7 -1.78004
79.8 -1.76834
79.9 -1.75649
80 -1.74448
80.1 -1.73232
80.2 -1.71998
80.3 -1.70747
80.4 -1.69478
80.5 -1.6819
80.6 -1.66882
80.7 -1.65552
80.8 -1.64201
80.9 -1.62826
81 -1.61426
81.1 -1.6
81.2 -1.58546
81.3 -1.57062
81.4 -1.55547
81.5 -1.53999
81.6 -1.52414
81.7 -1.5079
81.8 -1.49124
81.9 -1.47413
82 -1.45653
82.1 -1.43838
82.2 -1.41965
82.3 -1.40026
82.4 -1.38014
82.5 -1.35921
82.6 -1.33736
82.7 -1.31447
82.8 -1.29038
82.9 -1.26491
83 -1.2378
83.1 -1.20875
83.2 -1.17733
83.3 -1.14298
83.4 -1.1049
83.5 -1.06196
83.6 -1.01241
83.7 -0.95354
83.8 -0.88072
83.9 -0.785571
84 -0.651365
84.1 -0.440842
84.2 -0.0626616
84.3 0.670948
84.4 1.60469
84.5 1.90424
84.6 1.97358
84.7 1.99528
84.8 1.99839
84.9 1.99382
85 1.98613
85.1 1.97718
85.2 1.96772
85.3 1.95801
85.4 1.94817
85.5 1.93822
85.6 1.92818
85.7 1.91805
85.8 1.90783
85.9 1.89751
86 1.88709
86.1 1.87657
86.2 1.86594
86.3 1.85521
86.4 1.84437
86.5 1.83341
86.6 1.82233
86.7 1.81112
86.8 1.79979
86.9 1.78833
87 1.77673
87.1 1.76498
87.2 1.75308
87.3 1.74103
87.4 1.72882
87.5 1.71644
87.6 1.70388
87.7 1.69114
87.8 1.6782
87.9 1.66506
88 1.6517
88.1 1.63812
88.2 1.6243
88.3 1.61022
88.4 1.59589
88.5 1.58126
88.6 1.56634
88.7 1.5511
88.8 1.53551
88.9 1.51955
89 1.5032
89.1 1.48642
89.2 1.46917
89.3 1.45142
89.4 1.43311
89.5 1.41419
89.6 1.3946
89.7 1.37426
89.8 1.35308
89.9 1.33095
90 1.30774
90.1 1.28328
90.2 1.25737
90.3 1.22975
90.4 1.20007
90.5 1.16788
90.6 1.13256
90.7 1.09323
90.8 1.04862
90.9 0.996756
91 0.934496
91.1 0.856413
91.2 0.752407
91.3 0.601712
91.4 0.356552
91.5 -0.100694
91.6 -0.953525
91.7 -1.76537
91.8 -1.93404
91.9 -1.98338
92 -1.99764
92.1 -1.99768
92.2 -1.99185
92.3 -1.98366
92.4 -1.97451
92.5 -1.96496
92.6 -1.9552
92.7 -1.94533
92.8 -1.93536
92.9 -1.92529
93 -1.91513
93.1 -1.90488
93.2 -1.89453
93.3 -1.88409
93.4 -1.87354
93.5 -1.86288
93.6 -1.85212
93.7 -1.84124
93.8 -1.83024
93.9 -1.81913
94 -1.80789
94.1 -1.79652
94.2 -1.78502
94.3 -1.77338
94.4 -1.76159
94.5 -1.74965
94.6 -1.73755
94.7 -1.72529
94.8 -1.71286
94.9 -1.70025
95 -1.68745
95.1 -1.67445
95.2 -1.66125
95.3 -1.64783
95.4 -1.63418
95.5 -1.62029
95.6 -1.60615
95.7 -1.59173
95.8 -1.57702
95.9 -1.56201
96 -1.54667
96.1 -1.53098
96.2 -1.51491
96.3 -1.49844
96.4 -1.48153
96.5 -1.46414
96.6 -1.44623
96.7 -1.42776
96.8 -1.40865
96.9 -1.38886
97 -1.36829
97.1 -1.34685
97.2 -1.32442
97.3 -1.30087
97.4 -1.27602
97.5 -1.24965
97.6 -1.22147
97.7 -1.19113
97.8 -1.15811
97.9 -1.12175
98 -1.08106
98.1 -1.03461
98.2 -0.980167
98.3 -0.914071
98.4 -0.829901
98.5 -0.715375
98.6 -0.544433
98.7 -0.255289
98.8 0.300415
98.9 1.24054
99 1.85211
99.1 1.95751
99.2 1.99109
99.3 1.99913
99.4 1.9966
99.5 1.98974
99.6 1.98113
99.7 1.97181
99.8 1.96219
99.9 1.95239
