1 0
1.41185 0.0174158
1.61677 0.0393411
1.67768 0.0630199
1.68718 0.0871037
1.6809 0.111176
1.6698 0.135114
1.65713 0.15888
1.64383 0.182459
1.63017 0.205845
1.61623 0.229034
1.60201 0.252022
1.58751 0.274804
1.57272 0.297378
1.55762 0.319738
1.54218 0.34188
1.52638 0.363799
1.5102 0.385489
1.4936 0.406946
1.47656 0.428162
1.45903 0.449131
1.44096 0.469846
1.42231 0.490299
1.40301 0.51048
1.383 0.530381
1.36219 0.549991
1.34048 0.569297
1.31774 0.588286
1.29384 0.606941
1.26857 0.625246
1.24171 0.643179
1.21295 0.660715
1.18189 0.677824
1.14799 0.69447
1.1105 0.710607
1.06832 0.726176
1.01984 0.7411
0.962495 0.755272
0.892017 0.768538
0.800734 0.780661
0.673561 0.791249
0.477418 0.799586
0.131906 0.804203
-0.540929 0.801806
-1.4993 0.787057
-1.89045 0.761478
-1.96925 0.733164
-1.99429 0.704533
-1.99879 0.675883
-1.9948 0.647309
-1.98734 0.618848
-1.97849 0.590514
-1.96907 0.562315
-1.95938 0.534253
-1.94956 0.506332
-1.93963 0.478551
-1.9296 0.450914
-1.91948 0.42342
-1.90927 0.396071
-1.89896 0.368869
-1.88856 0.341815
-1.87805 0.314911
-1.86744 0.288157
-1.85672 0.261555
-1.8459 0.235108
-1.83495 0.208816
-1.82389 0.182681
-1.8127 0.156705
-1.80139 0.13089
-1.78995 0.105237
-1.77836 0.0797486
-1.76664 0.0544269
-1.75476 0.0292737
-1.74274 0.00429121
-1.73055 -0.0205183
-1.71819 -0.0451524
-1.70565 -0.0696088
-1.69294 -0.0938848
-1.68003 -0.117978
-1.66691 -0.141885
-1.65359 -0.165603
-1.64004 -0.189129
-1.62625 -0.21246
-1.61222 -0.235593
-1.59792 -0.258523
-1.58334 -0.281246
-1.56846 -0.30376
-1.55326 -0.326058
-1.53772 -0.348137
-1.52182 -0.369992
-1.50552 -0.391616
-1.4888 -0.413005
-1.47162 -0.434151
-1.45394 -0.455049
-1.43572 -0.47569
-1.41689 -0.496067
-1.3974 -0.51617
-1.37717 -0.535989
-1.35611 -0.555514
-1.33412 -0.574731
-1.31107 -0.593627
-1.2868 -0.612184
-1.2611 -0.630386
-1.23374 -0.648208
-1.20437 -0.665626
-1.17257 -0.682607
-1.13773 -0.699114
-1.09904 -0.715096
-1.05526 -0.730491
-1.00458 -0.745213
-0.944035 -0.759146
-0.868637 -0.772116
-0.769177 -0.783851
-0.627012 -0.793893
-0.39992 -0.801374
0.0160933 -0.804451
0.811992 -0.799054
1.69566 -0.780535
1.91921 -0.753434
1.97844 -0.724989
1.99644 -0.696342
1.99802 -0.66771
1.99282 -0.639166
1.98488 -0.61074
1.97583 -0.582444
1.96632 -0.554284
1.95659 -0.526263
1.94673 -0.498382
1.93677 -0.470642
1.92672 -0.443045
1.91657 -0.415593
1.90634 -0.388286
1.896 -0.361126
1.88557 -0.334115
1.87503 -0.307253
1.86439 -0.280542
1.85364 -0.253985
1.84278 -0.227581
1.8318 -0.201334
1.82071 -0.175244
1.80949 -0.149314
1.79814 -0.123545
1.78665 -0.0979391
1.77503 -0.0724982
1.76326 -0.0472244
1.75134 -0.0221197
1.73927 0.0028136
1.72703 0.0275733
1.71463 0.0521569
1.70204 0.076562
1.68927 0.100786
1.6763 0.124826
1.66313 0.14868
1.64974 0.172343
1.63612 0.195814
1.62227 0.219089
1.60816 0.242164
1.59378 0.265035
1.57912 0.287699
1.56415 0.310152
1.54886 0.332388
1.53322 0.354403
1.51721 0.376193
1.50079 0.39775
1.48394 0.41907
1.46663 0.440147
1.4488 0.460972
1.4304 0.481538
1.41139 0.501838
1.3917 0.521861
1.37124 0.541597
1.34993 0.561035
1.32765 0.580162
1.30427 0.598963
1.27961 0.617421
1.25347 0.635516
1.22557 0.653226
1.19556 0.670523
1.16296 0.687373
1.12712 0.703735
1.08712 0.719557
1.04159 0.734769
0.988455 0.74928
0.924309 0.762959
0.843249 0.77561
0.734133 0.78692
0.57369 0.796346
0.307531 0.802824
-0.197213 0.80403
-1.10073 0.795125
-1.81789 0.773279
-1.94759 0.745365
-1.98791 0.716799
-1.99864 0.688136
-1.99723 0.659522
-1.99082 0.631009
-1.98239 0.602619
-1.97314 0.574362
-1.96355 0.546241
-1.95378 0.51826
-1.94389 0.490419
-1.9339 0.46272
-1.92382 0.435164
-1.91365 0.407754
-1.90338 0.380489
-1.89302 0.353371
-1.88256 0.326403
-1.87199 0.299584
-1.86132 0.272917
-1.85054 0.246404
-1.83965 0.220045
-1.82864 0.193842
-1.8175 0.167798
-1.80625 0.141914
-1.79486 0.116191
-1.78334 0.0906326
-1.77167 0.0652393
-1.75986 0.0400138
-1.7479 0.014958
-1.73578 -0.0099258
-1.7235 -0.0346353
-1.71104 -0.059168
-1.6984 -0.0835215
-1.68557 -0.107693
-1.67255 -0.13168
-1.65932 -0.155479
-1.64586 -0.179088
-1.63218 -0.202503
-1.61825 -0.225721
-1.60407 -0.248738
-1.58961 -0.271551
-1.57486 -0.294154
-1.5598 -0.316545
-1.54441 -0.338719
-1.52867 -0.36067
-1.51254 -0.382393
-1.49601 -0.403884
-1.47903 -0.425135
-1.46157 -0.44614
-1.44359 -0.466892
-1.42502 -0.487382
-1.40582 -0.507604
-1.38592 -0.527546
-1.36523 -0.547198
-1.34365 -0.566548
-1.32107 -0.585583
-1.29734 -0.604288
-1.27228 -0.622644
-1.24567 -0.640631
-1.21721 -0.658226
-1.18651 -0.675398
-1.15305 -0.692113
-1.11613 -0.708326
-1.07471 -0.723981
-1.02726 -0.739004
-0.971398 -0.753292
-0.903166 -0.7667
-0.815551 -0.779005
-0.694946 -0.789847
-0.512002 -0.798572
-0.19619 -0.803865
0.416583 -0.802787
1.37667 -0.790014
1.87475 -0.765492
1.96441 -0.737256
1.99309 -0.708635
1.99912 -0.679976
1.99576 -0.651387
1.98856 -0.622908
1.97981 -0.594555
1.97044 -0.566336
1.96078 -0.538255
1.95097 -0.510313
1.94105 -0.482513
1.93104 -0.454854
1.92093 -0.42734
1.91073 -0.399971
1.90044 -0.372748
1.89005 -0.345672
1.87956 -0.318746
1.86896 -0.291971
1.85826 -0.265348
1.84745 -0.238878
1.83652 -0.212563
1.82548 -0.186406
1.81431 -0.160407
1.80302 -0.134569
1.79159 -0.108893
1.78003 -0.0833809
1.76832 -0.0580352
1.75647 -0.0328578
1.74446 -0.00785076
1.7323 0.0169836
1.71996 0.041643
1.70746 0.0661249
1.69477 0.0904268
1.68188 0.114546
1.6688 0.13848
1.65551 0.162225
1.64199 0.185779
1.62824 0.209138
1.61424 0.232299
1.59998 0.255259
1.58544 0.278012
1.5706 0.300556
1.55545 0.322885
1.53996 0.344996
1.52411 0.366882
1.50788 0.38854
1.49122 0.409963
1.47411 0.431144
1.4565 0.452078
1.43836 0.472756
1.41962 0.493171
1.40023 0.513314
1.38011 0.533175
1.35917 0.552742
1.33733 0.572004
1.31443 0.590947
1.29035 0.609554
1.26487 0.627807
1.23776 0.645685
1.20871 0.663163
1.17728 0.680209
1.14293 0.696786
1.10484 0.712846
1.06189 0.72833
1.01234 0.743155
0.953448 0.757209
0.880603 0.77033
0.785413 0.782264
0.651132 0.792588
0.440454 0.800515
0.0619221 0.804401
-0.672309 0.800576
-1.60568 0.783912
-1.90438 0.75748
-1.97363 0.729102
-1.99529 0.700464
-1.99839 0.671823
-1.99381 0.643264
-1.98611 0.61482
-1.97717 0.586505
-1.9677 0.558326
-1.958 0.530284
-1.94816 0.502382
-1.93821 0.474622
-1.92817 0.447005
-1.91804 0.419532
-1.90781 0.392204
-1.89749 0.365023
-1.88707 0.33799
-1.87655 0.311106
-1.86593 0.284374
-1.85519 0.257794
-1.84435 0.231369
-1.83339 0.205099
-1.82231 0.178986
-1.81111 0.153033
-1.79978 0.127241
-1.78831 0.101611
-1.77671 0.0761465
-1.76496 0.0508485
-1.75307 0.0257194
-1.74102 0.000761317
-1.7288 -0.0240235
-1.71642 -0.0486325
-1.70386 -0.0730635
-1.69112 -0.0973137
-1.67818 -0.12138
-1.66504 -0.145261
-1.65168 -0.168952
-1.6381 -0.192451
-1.62428 -0.215754
-1.6102 -0.238858
-1.59587 -0.261759
-1.58124 -0.284453
-1.56632 -0.306936
-1.55108 -0.329204
-1.53549 -0.351251
-1.51953 -0.373073
-1.50318 -0.394665
-1.4864 -0.416019
-1.46915 -0.437131
-1.45139 -0.457993
-1.43308 -0.478597
-1.41417 -0.498935
-1.39458 -0.518999
-1.37423 -0.538777
-1.35305 -0.558259
-1.33092 -0.577431
-1.30771 -0.59628
-1.28324 -0.614788
-1.25733 -0.632937
-1.2297 -0.650704
-1.20002 -0.668062
-1.16783 -0.684979
-1.1325 -0.701414
-1.09317 -0.717317
-1.04855 -0.732622
-0.996675 -0.747241
-0.934397 -0.76105
-0.856286 -0.773864
-0.752232 -0.785393
-0.601445 -0.795138
-0.35609 -0.802141
0.1016 -0.804334
0.954979 -0.797252
1.76598 -0.777008
1.93418 -0.749423
1.98343 -0.720913
1.99765 -0.692256
1.99768 -0.663633
1.99184 -0.635104
1.98365 -0.606696
1.97449 -0.578419
1.96494 -0.550279
1.95519 -0.522277
1.94532 -0.494416
1.93534 -0.466697
1.92528 -0.43912
1.91512 -0.411689
1.90487 -0.384403
1.89452 -0.357264
1.88407 -0.330274
1.87352 -0.303434
1.86286 -0.276745
1.8521 -0.250209
1.84122 -0.223828
1.83023 -0.197603
1.81911 -0.171536
1.80787 -0.145628
1.79651 -0.119883
1.785 -0.0943001
1.77336 -0.0688829
1.76157 -0.043633
1.74963 -0.0185527
1.73754 0.00635598
1.72527 0.0310907
1.71284 0.055649
1.70023 0.0800284
1.68743 0.104226
1.67444 0.12824
1.66123 0.152067
1.64781 0.175703
1.63416 0.199146
1.62027 0.222393
1.60612 0.245439
1.59171 0.268281
1.577 0.290915
1.56199 0.313337
1.54665 0.335542
1.53096 0.357525
1.51489 0.379282
1.49842 0.400806
1.4815 0.422092
1.46412 0.443133
1.44621 0.463921
1.42773 0.48445
1.40863 0.504711
1.38883 0.524694
1.36826 0.544388
1.34681 0.563783
1.32439 0.582864
1.30083 0.601617
1.27598 0.620025
1.24961 0.638067
1.22143 0.655719
1.19108 0.672955
1.15806 0.689738
1.12169 0.706026
1.081 0.721766
1.03454 0.736885
0.980081 0.751286
0.913965 0.764832
0.829762 0.777314
0.715178 0.788397
0.544124 0.797486
0.254732 0.803399
-0.301514 0.803524
-1.24193 0.792721
-1.85239 0.769452
-1.95759 0.741336
-1.99112 0.712734
-1.99913 0.684071
-1.99659 0.655468
-1.98973 0.626971
-1.98112 0.5986
-1.9718 0.570362
-1.96217 0.542261
-1.95238 0.514299
-1.94248 0.486478
-1.93248 0.458799
-1.92238 0.431264
-1.9122 0.403874
-1.90192 0.37663
-1.89154 0.349534
-1.88107 0.322586
-1.87049 0.295789
-1.8598 0.269144
-1.849 0.242652
-1.83809 0.216316
-1.82706 0.190136
-1.81591 0.164114
-1.80464 0.138253
-1.79323 0.112553
-1.78169 0.0870177
-1.77 0.0616481
-1.75817 0.0364465
-1.74619 0.011415
-1.73405 -0.0134442
-1.72174 -0.0381287
-1.70926 -0.0626361
-1.69659 -0.086964
-1.68374 -0.11111
-1.67068 -0.13507
-1.65742 -0.158843
-1.64393 -0.182424
-1.63022 -0.205811
-1.61625 -0.229001
-1.60203 -0.251989
-1.58753 -0.274772
-1.57274 -0.297346
-1.55764 -0.319706
-1.5422 -0.341849
-1.5264 -0.363768
-1.51022 -0.385458
-1.49363 -0.406915
-1.47658 -0.428132
-1.45905 -0.449101
-1.44099 -0.469816
-1.42234 -0.49027
-1.40304 -0.510452
-1.38303 -0.530353
-1.36222 -0.549963
-1.34051 -0.56927
-1.31778 -0.588259
-1.29387 -0.606915
-1.26861 -0.62522
-1.24175 -0.643154
-1.21299 -0.66069
-1.18194 -0.6778
-1.14804 -0.694446
-1.11055 -0.710584
-1.06839 -0.726154
-1.01991 -0.74108
-0.962585 -0.755253
-0.89213 -0.76852
-0.800885 -0.780645
-0.67378 -0.791235
-0.477776 -0.799576
-0.132578 -0.8042
0.539645 -0.801817
1.49815 -0.787087
1.89031 -0.761518
1.96921 -0.733205
1.99428 -0.704574
1.99879 -0.675924
1.99481 -0.64735
1.98735 -0.618888
1.9785 -0.590554
1.96908 -0.562355
1.9594 -0.534293
1.94957 -0.506371
1.93964 -0.478591
1.92961 -0.450953
1.9195 -0.423459
1.90928 -0.39611
1.89898 -0.368908
1.88857 -0.341854
1.87807 -0.314949
1.86746 -0.288195
1.85674 -0.261593
1.84591 -0.235145
1.83497 -0.208853
1.82391 -0.182718
1.81272 -0.156742
1.80141 -0.130926
1.78996 -0.105273
1.77838 -0.0797849
1.76665 -0.0544629
1.75478 -0.0293095
1.74275 -0.00432673
1.73056 0.020483
1.71821 0.0451174
1.70567 0.069574
1.69296 0.0938503
1.68004 0.117944
1.66693 0.141851
1.65361 0.165569
1.64006 0.189096
1.62627 0.212427
1.61224 0.23556
1.59794 0.25849
1.58336 0.281214
1.56848 0.303728
1.55328 0.326027
1.53774 0.348106
1.52184 0.369961
1.50555 0.391585
1.48883 0.412974
1.47165 0.434121
1.45397 0.455019
1.43574 0.475661
1.41692 0.496038
1.39743 0.516141
1.3772 0.535961
1.35614 0.555486
1.33415 0.574704
1.3111 0.5936
1.28683 0.612158
1.26114 0.63036
1.23378 0.648183
1.20442 0.665601
1.17262 0.682583
1.13779 0.69909
1.09909 0.715073
1.05533 0.730469
1.00465 0.745193
0.94413 0.759127
0.868759 0.772098
0.769343 0.783836
0.62726 0.79388
0.400342 0.801366
-0.0152753 0.804451
-0.81057 0.799071
-1.69486 0.78057
-1.91906 0.753474
-1.97839 0.72503
-1.99643 0.696383
-1.99803 0.667751
-1.99283 0.639207
-1.98489 0.610781
-1.97584 0.582485
-1.96633 0.554325
-1.9566 0.526303
-1.94675 0.498421
-1.93679 0.470682
-1.92673 0.443085
-1.91659 0.415632
-1.90635 0.388325
-1.89602 0.361165
-1.88558 0.334153
-1.87505 0.307291
-1.86441 0.280581
-1.85366 0.254023
-1.8428 0.227619
-1.83182 0.201372
-1.82072 0.175282
-1.8095 0.149351
-1.79815 0.123582
-1.78667 0.0979757
-1.77505 0.0725346
-1.76328 0.0472605
-1.75136 0.0221556
-1.73929 -0.0027779
-1.72705 -0.0275378
-1.71464 -0.0521217
-1.70206 -0.0765271
-1.68929 -0.100751
-1.67632 -0.124792
-1.66315 -0.148645
-1.64976 -0.172309
-1.63614 -0.195781
-1.62229 -0.219056
-1.60818 -0.242131
-1.5938 -0.265003
-1.57914 -0.287667
-1.56417 -0.31012
-1.54888 -0.332356
-1.53324 -0.354372
-1.51723 -0.376161
-1.50082 -0.397719
-1.48397 -0.41904
-1.46665 -0.440117
-1.44882 -0.460942
-1.43043 -0.481509
-1.41142 -0.501809
-1.39173 -0.521832
-1.37127 -0.541569
-1.34996 -0.561007
-1.32768 -0.580135
-1.3043 -0.598936
-1.27965 -0.617395
-1.25351 -0.635491
-1.22561 -0.653201
-1.1956 -0.670498
-1.16301 -0.687349
-1.12717 -0.703712
-1.08718 -0.719534
-1.04166 -0.734748
-0.988539 -0.74926
-0.924411 -0.76294
-0.843382 -0.775592
-0.734319 -0.786905
-0.573977 -0.796334
-0.308038 -0.802818
0.196212 -0.804034
1.09928 -0.795148
1.81746 -0.773317
1.94747 -0.745405
1.98787 -0.71684
1.99863 -0.688177
1.99723 -0.659563
1.99083 -0.63105
1.9824 -0.60266
1.97316 -0.574402
1.96356 -0.546281
1.95379 -0.5183
1.9439 -0.490459
1.93391 -0.46276
1.92384 -0.435204
1.91366 -0.407793
1.9034 -0.380528
1.89304 -0.35341
1.88257 -0.326441
1.87201 -0.299622
1.86134 -0.272955
1.85056 -0.246441
1.83966 -0.220082
1.82865 -0.19388
1.81752 -0.167835
1.80626 -0.141951
1.79488 -0.116228
1.78335 -0.0906691
1.77169 -0.0652756
1.75988 -0.0400498
1.74792 -0.0149938
1.7358 0.00989026
1.72351 0.0346
1.71106 0.059133
1.69842 0.0834867
1.68559 0.107659
1.67257 0.131646
1.65933 0.155446
1.64588 0.179055
1.6322 0.20247
1.61827 0.225688
1.60409 0.248705
1.58963 0.271518
1.57488 0.294122
1.55982 0.316513
1.54443 0.338687
1.52869 0.360639
1.51257 0.382362
1.49603 0.403853
1.47906 0.425104
1.4616 0.44611
1.44361 0.466862
1.42505 0.487353
1.40585 0.507575
1.38595 0.527517
1.36526 0.54717
1.34368 0.566521
1.3211 0.585556
1.29738 0.604261
1.27232 0.622618
1.24571 0.640606
1.21725 0.658201
1.18655 0.675374
1.1531 0.692089
1.11619 0.708303
1.07477 0.723959
1.02734 0.738983
0.971485 0.753272
0.903276 0.766681
0.815696 0.778989
0.695153 0.789832
0.512334 0.798561
0.196801 0.803861
-0.415388 0.802796
-1.37538 0.790042
-1.87457 0.765532
-1.96435 0.737297
-1.99308 0.708676
-1.99912 0.680017
-1.99576 0.651428
-1.98857 0.622948
-1.97983 0.594595
-1.97045 0.566376
-1.96079 0.538295
-1.95098 0.510353
-1.94107 0.482552
-1.93105 0.454894
-1.92095 0.427379
-1.91075 0.40001
-1.90046 0.372786
-1.89007 0.345711
-1.87957 0.318785
-1.86898 0.292009
-1.85828 0.265385
-1.84747 0.238915
-1.83654 0.212601
-1.82549 0.186443
-1.81433 0.160444
-1.80303 0.134606
-1.79161 0.108929
-1.78004 0.0834171
-1.76834 0.0580712
-1.75649 0.0328935
-1.74448 0.00788628
-1.73232 -0.0169483
-1.71998 -0.0416079
-1.70747 -0.0660901
-1.69478 -0.0903923
-1.6819 -0.114512
-1.66882 -0.138446
-1.65552 -0.162192
-1.64201 -0.185746
-1.62826 -0.209105
-1.61426 -0.232267
-1.6 -0.255226
-1.58546 -0.27798
-1.57062 -0.300524
-1.55547 -0.322853
-1.53999 -0.344964
-1.52414 -0.366851
-1.5079 -0.388509
-1.49124 -0.409933
-1.47413 -0.431114
-1.45653 -0.452048
-1.43838 -0.472727
-1.41965 -0.493143
-1.40026 -0.513286
-1.38014 -0.533147
-1.35921 -0.552714
-1.33736 -0.571977
-1.31447 -0.59092
-1.29038 -0.609527
-1.26491 -0.627781
-1.2378 -0.64566
-1.20875 -0.663138
-1.17733 -0.680185
-1.14298 -0.696762
-1.1049 -0.712824
-1.06196 -0.728308
-1.01241 -0.743134
-0.95354 -0.75719
-0.88072 -0.770312
-0.785571 -0.782248
-0.651365 -0.792575
-0.440842 -0.800506
-0.0626616 -0.8044
0.670948 -0.80059
1.60469 -0.783944
1.90424 -0.75752
1.97358 -0.729143
1.99528 -0.700505
1.99839 -0.671864
1.99382 -0.643305
1.98613 -0.614861
1.97718 -0.586546
1.96772 -0.558366
1.95801 -0.530324
1.94817 -0.502422
1.93822 -0.474662
1.92818 -0.447044
1.91805 -0.419571
1.90783 -0.392243
1.89751 -0.365062
1.88709 -0.338028
1.87657 -0.311145
1.86594 -0.284412
1.85521 -0.257832
1.84437 -0.231406
1.83341 -0.205136
1.82233 -0.179024
1.81112 -0.15307
1.79979 -0.127278
1.78833 -0.101648
1.77673 -0.0761828
1.76498 -0.0508846
1.75308 -0.0257553
1.74103 -0.000796936
1.72882 0.0239881
1.71644 0.0485974
1.70388 0.0730286
1.69114 0.0972791
1.6782 0.121346
1.66506 0.145227
1.6517 0.168918
1.63812 0.192417
1.6243 0.215721
1.61022 0.238825
1.59589 0.261726
1.58126 0.284421
1.56634 0.306904
1.5511 0.329172
1.53551 0.35122
1.51955 0.373042
1.5032 0.394634
1.48642 0.415989
1.46917 0.437101
1.45142 0.457963
1.43311 0.478568
1.41419 0.498906
1.3946 0.51897
1.37426 0.538749
1.35308 0.558231
1.33095 0.577404
1.30774 0.596253
1.28328 0.614762
1.25737 0.632912
1.22975 0.650679
1.20007 0.668038
1.16788 0.684955
1.13256 0.701391
1.09323 0.717295
1.04862 0.732601
0.996756 0.747221
0.934496 0.76103
0.856413 0.773846
0.752407 0.785378
0.601712 0.795126
0.356552 0.802134
-0.100694 0.804336
-0.953525 0.797272
-1.76537 0.777045
-1.93404 0.749464
-1.98338 0.720954
-1.99764 0.692298
-1.99768 0.663674
-1.99185 0.635145
-1.98366 0.606737
-1.97451 0.57846
-1.96496 0.550319
-1.9552 0.522317
-1.94533 0.494456
-1.93536 0.466736
-1.92529 0.43916
-1.91513 0.411728
-1.90488 0.384442
-1.89453 0.357303
-1.88409 0.330313
-1.87354 0.303472
-1.86288 0.276783
-1.85212 0.250247
-1.84124 0.223866
-1.83024 0.19764
-1.81913 0.171573
-1.80789 0.145666
-1.79652 0.119919
-1.78502 0.0943367
-1.77338 0.0689193
-1.76159 0.0436692
-1.74965 0.0185886
-1.73755 -0.0063203
-1.72529 -0.0310552
-1.71286 -0.0556138
-1.70025 -0.0799935
-1.68745 -0.104192
-1.67445 -0.128206
-1.66125 -0.152033
-1.64783 -0.175669
-1.63418 -0.199113
-1.62029 -0.222359
-1.60615 -0.245406
-1.59173 -0.268248
-1.57702 -0.290883
-1.56201 -0.313305
-1.54667 -0.33551
-1.53098 -0.357494
-1.51491 -0.379251
-1.49844 -0.400775
-1.48153 -0.422061
-1.46414 -0.443103
-1.44623 -0.463892
-1.42776 -0.484421
-1.40865 -0.504682
-1.38886 -0.524665
-1.36829 -0.54436
-1.34685 -0.563755
-1.32442 -0.582837
-1.30087 -0.601591
-1.27602 -0.619999
-1.24965 -0.638041
-1.22147 -0.655694
-1.19113 -0.67293
-1.15811 -0.689714
-1.12175 -0.706003
-1.08106 -0.721743
-1.03461 -0.736863
-0.980167 -0.751266
-0.914071 -0.764813
-0.829901 -0.777297
-0.715375 -0.788382
-0.544433 -0.797474
-0.255289 -0.803394
0.300415 -0.80353
1.24054 -0.792747
1.85211 -0.769492
1.95751 -0.741377
1.99109 -0.712775
1.99913 -0.684112
1.9966 -0.655509
1.98974 -0.627012
1.98113 -0.59864
1.97181 -0.570402
1.96219 -0.542301
1.95239 -0.514339
