0 0
0.1 0.0174158
0.2 0.0393411
0.3 0.0630199
0.4 0.0871037
0.5 0.111176
0.6 0.135114
0.7 0.15888
0.8 0.182459
0.9 0.205845
1 0.229034
1.1 0.252022
1.2 0.274804
1.3 0.297378
1.4 0.319738
1.5 0.34188
1.6 0.363799
1.7 0.385489
1.8 0.406946
1.9 0.428162
2 0.449131
2.1 0.469846
2.2 0.490299
2.3 0.51048
2.4 0.530381
2.5 0.549991
2.6 0.569297
2.7 0.588286
2.8 0.606941
2.9 0.625246
3 0.643179
3.1 0.660715
3.2 0.677824
3.3 0.69447
3.4 0.710607
3.5 0.726176
3.6 0.7411
3.7 0.755272
3.8 0.768538
3.9 0.780661
4 0.791249
4.1 0.799586
4.2 0.804203
4.3 0.801806
4.4 0.787057
4.5 0.761478
4.6 0.733164
4.7 0.704533
4.8 0.675883
4.9 0.647309
5 0.618848
5.1 0.590514
5.2 0.562315
5.3 0.534253
5.4 0.506332
5.5 0.478551
5.6 0.450914
5.7 0.42342
5.8 0.396071
5.9 0.368869
6 0.341815
6.1 0.314911
6.2 0.288157
6.3 0.261555
6.4 0.235108
6.5 0.208816
6.6 0.182681
6.7 0.156705
6.8 0.13089
6.9 0.105237
7 0.0797486
7.1 0.0544269
7.2 0.0292737
7.3 0.00429121
7.4 -0.0205183
7.5 -0.0451524
7.6 -0.0696088
7.7 -0.0938848
7.8 -0.117978
7.9 -0.141885
8 -0.165603
8.1 -0.189129
8.2 -0.21246
8.3 -0.235593
8.4 -0.258523
8.5 -0.281246
8.6 -0.30376
8.7 -0.326058
8.8 -0.348137
8.9 -0.369992
9 -0.391616
9.1 -0.413005
9.2 -0.434151
9.3 -0.455049
9.4 -0.47569
9.5 -0.496067
9.6 -0.51617
9.7 -0.535989
9.8 -0.555514
9.9 -0.574731
10 -0.593627
10.1 -0.612184
10.2 -0.630386
10.3 -0.648208
10.4 -0.665626
10.5 -0.682607
10.6 -0.699114
10.7 -0.715096
10.8 -0.730491
10.9 -0.745213
11 -0.759146
11.1 -0.772116
11.2 -0.783851
11.3 -0.793893
11.4 -0.801374
11.5 -0.804451
11.6 -0.799054
11.7 -0.780535
11.8 -0.753434
11.9 -0.724989
12 -0.696342
12.1 -0.66771
12.2 -0.639166
12.3 -0.61074
12.4 -0.582444
12.5 -0.554284
12.6 -0.526263
12.7 -0.498382
12.8 -0.470642
12.9 -0.443045
13 -0.415593
13.1 -0.388286
13.2 -0.361126
13.3 -0.334115
13.4 -0.307253
13.5 -0.280542
13.6 -0.253985
13.7 -0.227581
13.8 -0.201334
13.9 -0.175244
14 -0.149314
14.1 -0.123545
14.2 -0.0979391
14.3 -0.0724982
14.4 -0.0472244
14.5 -0.0221197
14.6 0.0028136
14.7 0.0275733
14.8 0.0521569
14.9 0.076562
15 0.100786
15.1 0.124826
15.2 0.14868
15.3 0.172343
15.4 0.195814
15.5 0.219089
15.6 0.242164
15.7 0.265035
15.8 0.287699
15.9 0.310152
16 0.332388
16.1 0.354403
16.2 0.376193
16.3 0.39775
16.4 0.41907
16.5 0.440147
16.6 0.460972
16.7 0.481538
16.8 0.501838
16.9 0.521861
17 0.541597
17.1 0.561035
17.2 0.580162
17.3 0.598963
17.4 0.617421
17.5 0.635516
17.6 0.653226
17.7 0.670523
17.8 0.687373
17.9 0.703735
18 0.719557
18.1 0.734769
18.2 0.74928
18.3 0.762959
18.4 0.77561
18.5 0.78692
18.6 0.796346
18.7 0.802824
18.8 0.80403
18.9 0.795125
19 0.773279
19.1 0.745365
19.2 0.716799
19.3 0.688136
19.4 0.659522
19.5 0.631009
19.6 0.602619
19.7 0.574362
19.8 0.546241
19.9 0.51826
20 0.490419
20.1 0.46272
20.2 0.435164
20.3 0.407754
20.4 0.380489
20.5 0.353371
20.6 0.326403
20.7 0.299584
20.8 0.272917
20.9 0.246404
21 0.220045
21.1 0.193842
21.2 0.167798
21.3 0.141914
21.4 0.116191
21.5 0.0906326
21.6 0.0652393
21.7 0.0400138
21.8 0.014958
21.9 -0.0099258
22 -0.0346353
22.1 -0.059168
22.2 -0.0835215
22.3 -0.107693
22.4 -0.13168
22.5 -0.155479
22.6 -0.179088
22.7 -0.202503
22.8 -0.225721
22.9 -0.248738
23 -0.271551
23.1 -0.294154
23.2 -0.316545
23.3 -0.338719
23.4 -0.36067
23.5 -0.382393
23.6 -0.403884
23.7 -0.425135
23.8 -0.44614
23.9 -0.466892
24 -0.487382
24.1 -0.507604
24.2 -0.527546
24.3 -0.547198
24.4 -0.566548
24.5 -0.585583
24.6 -0.604288
24.7 -0.622644
24.8 -0.640631
24.9 -0.658226
25 -0.675398
25.1 -0.692113
25.2 -0.708326
25.3 -0.723981
25.4 -0.739004
25.5 -0.753292
25.6 -0.7667
25.7 -0.779005
25.8 -0.789847
25.9 -0.798572
26 -0.803865
26.1 -0.802787
26.2 -0.790014
26.3 -0.765492
26.4 -0.737256
26.5 -0.708635
26.6 -0.679976
26.7 -0.651387
26.8 -0.622908
26.9 -0.594555
27 -0.566336
27.1 -0.538255
27.2 -0.510313
27.3 -0.482513
27.4 -0.454854
27.5 -0.42734
27.6 -0.399971
27.7 -0.372748
27.8 -0.345672
27.9 -0.318746
28 -0.291971
28.1 -0.265348
28.2 -0.238878
28.3 -0.212563
28.4 -0.186406
28.5 -0.160407
28.6 -0.134569
28.7 -0.108893
28.8 -0.0833809
28.9 -0.0580352
29 -0.0328578
29.1 -0.00785076
29.2 0.0169836
29.3 0.041643
29.4 0.0661249
29.5 0.0904268
29.6 0.114546
29.7 0.13848
29.8 0.162225
29.9 0.185779
30 0.209138
30.1 0.232299
30.2 0.255259
30.3 0.278012
30.4 0.300556
30.5 0.322885
30.6 0.344996
30.7 0.366882
30.8 0.38854
30.9 0.409963
31 0.431144
31.1 0.452078
31.2 0.472756
31.3 0.493171
31.4 0.513314
31.5 0.533175
31.6 0.552742
31.7 0.572004
31.8 0.590947
31.9 0.609554
32 0.627807
32.1 0.645685
32.2 0.663163
32.3 0.680209
32.4 0.696786
32.5 0.712846
32.6 0.72833
32.7 0.743155
32.8 0.757209
32.9 0.77033
33 0.782264
33.1 0.792588
33.2 0.800515
33.3 0.804401
33.4 0.800576
33.5 0.783912
33.6 0.75748
33.7 0.729102
33.8 0.700464
33.9 0.671823
34 0.643264
34.1 0.61482
34.2 0.586505
34.3 0.558326
34.4 0.530284
34.5 0.502382
34.6 0.474622
34.7 0.447005
34.8 0.419532
34.9 0.392204
35 0.365023
35.1 0.33799
35.2 0.311106
35.3 0.284374
35.4 0.257794
35.5 0.231369
35.6 0.205099
35.7 0.178986
35.8 0.153033
35.9 0.127241
36 0.101611
36.1 0.0761465
36.2 0.0508485
36.3 0.0257194
36.4 0.000761317
36.5 -0.0240235
36.6 -0.0486325
36.7 -0.0730635
36.8 -0.0973137
36.9 -0.12138
37 -0.145261
37.1 -0.168952
37.2 -0.192451
37.3 -0.215754
37.4 -0.238858
37.5 -0.261759
37.6 -0.284453
37.7 -0.306936
37.8 -0.329204
37.9 -0.351251
38 -0.373073
38.1 -0.394665
38.2 -0.416019
38.3 -0.437131
38.4 -0.457993
38.5 -0.478597
38.6 -0.498935
38.7 -0.518999
38.8 -0.538777
38.9 -0.558259
39 -0.577431
39.1 -0.59628
39.2 -0.614788
39.3 -0.632937
39.4 -0.650704
39.5 -0.668062
39.6 -0.684979
39.7 -0.701414
39.8 -0.717317
39.9 -0.732622
40 -0.747241
40.1 -0.76105
40.2 -0.773864
40.3 -0.785393
40.4 -0.795138
40.5 -0.802141
40.6 -0.804334
40.7 -0.797252
40.8 -0.777008
40.9 -0.749423
41 -0.720913
41.1 -0.692256
41.2 -0.663633
41.3 -0.635104
41.4 -0.606696
41.5 -0.578419
41.6 -0.550279
41.7 -0.522277
41.8 -0.494416
41.9 -0.466697
42 -0.43912
42.1 -0.411689
42.2 -0.384403
42.3 -0.357264
42.4 -0.330274
42.5 -0.303434
42.6 -0.276745
42.7 -0.250209
42.8 -0.223828
42.9 -0.197603
43 -0.171536
43.1 -0.145628
43.2 -0.119883
43.3 -0.0943001
43.4 -0.0688829
43.5 -0.043633
43.6 -0.0185527
43.7 0.00635598
43.8 0.0310907
43.9 0.055649
44 0.0800284
44.1 0.104226
44.2 0.12824
44.3 0.152067
44.4 0.175703
44.5 0.199146
44.6 0.222393
44.7 0.245439
44.8 0.268281
44.9 0.290915
45 0.313337
45.1 0.335542
45.2 0.357525
45.3 0.379282
45.4 0.400806
45.5 0.422092
45.6 0.443133
45.7 0.463921
45.8 0.48445
45.9 0.504711
46 0.524694
46.1 0.544388
46.2 0.563783
46.3 0.582864
46.4 0.601617
46.5 0.620025
46.6 0.638067
46.7 0.655719
46.8 0.672955
46.9 0.689738
47 0.706026
47.1 0.721766
47.2 0.736885
47.3 0.751286
47.4 0.764832
47.5 0.777314
47.6 0.788397
47.7 0.797486
47.8 0.803399
47.9 0.803524
48 0.792721
48.1 0.769452
48.2 0.741336
48.3 0.712734
48.4 0.684071
48.5 0.655468
48.6 0.626971
48.7 0.5986
48.8 0.570362
48.9 0.542261
49 0.514299
49.1 0.486478
49.2 0.458799
49.3 0.431264
49.4 0.403874
49.5 0.37663
49.6 0.349534
49.7 0.322586
49.8 0.295789
49.9 0.269144
50 0.242652
50.1 0.216316
50.2 0.190136
50.3 0.164114
50.4 0.138253
50.5 0.112553
50.6 0.0870177
50.7 0.0616481
50.8 0.0364465
50.9 0.011415
51 -0.0134442
51.1 -0.0381287
51.2 -0.0626361
51.3 -0.086964
51.4 -0.11111
51.5 -0.13507
51.6 -0.158843
51.7 -0.182424
51.8 -0.205811
51.9 -0.229001
52 -0.251989
52.1 -0.274772
52.2 -0.297346
52.3 -0.319706
52.4 -0.341849
52.5 -0.363768
52.6 -0.385458
52.7 -0.406915
52.8 -0.428132
52.9 -0.449101
53 -0.469816
53.1 -0.49027
53.2 -0.510452
53.3 -0.530353
53.4 -0.549963
53.5 -0.56927
53.6 -0.588259
53.7 -0.606915
53.8 -0.62522
53.9 -0.643154
54 -0.66069
54.1 -0.6778
54.2 -0.694446
54.3 -0.710584
54.4 -0.726154
54.5 -0.74108
54.6 -0.755253
54.7 -0.76852
54.8 -0.780645
54.9 -0.791235
55 -0.799576
55.1 -0.8042
55.2 -0.801817
55.3 -0.787087
55.4 -0.761518
55.5 -0.733205
55.6 -0.704574
55.7 -0.675924
55.8 -0.64735
55.9 -0.618888
56 -0.590554
56.1 -0.562355
56.2 -0.534293
56.3 -0.506371
56.4 -0.478591
56.5 -0.450953
56.6 -0.423459
56.7 -0.39611
56.8 -0.368908
56.9 -0.341854
57 -0.314949
57.1 -0.288195
57.2 -0.261593
57.3 -0.235145
57.4 -0.208853
57.5 -0.182718
57.6 -0.156742
57.7 -0.130926
57.8 -0.105273
57.9 -0.0797849
58 -0.0544629
58.1 -0.0293095
58.2 -0.00432673
58.3 0.020483
58.4 0.0451174
58.5 0.069574
58.6 0.0938503
58.7 0.117944
58.8 0.141851
58.9 0.165569
59 0.189096
59.1 0.212427
59.2 0.23556
59.3 0.25849
59.4 0.281214
59.5 0.303728
59.6 0.326027
59.7 0.348106
59.8 0.369961
59.9 0.391585
60 0.412974
60.1 0.434121
60.2 0.455019
60.3 0.475661
60.4 0.496038
60.5 0.516141
60.6 0.535961
60.7 0.555486
60.8 0.574704
60.9 0.5936
61 0.612158
61.1 0.63036
61.2 0.648183
61.3 0.665601
61.4 0.682583
61.5 0.69909
61.6 0.715073
61.7 0.730469
61.8 0.745193
61.9 0.759127
62 0.772098
62.1 0.783836
62.2 0.79388
62.3 0.801366
62.4 0.804451
62.5 0.799071
62.6 0.78057
62.7 0.753474
62.8 0.72503
62.9 0.696383
63 0.667751
63.1 0.639207
63.2 0.610781
63.3 0.582485
63.4 0.554325
63.5 0.526303
63.6 0.498421
63.7 0.470682
63.8 0.443085
63.9 0.415632
64 0.388325
64.1 0.361165
64.2 0.334153
64.3 0.307291
64.4 0.280581
64.5 0.254023
64.6 0.227619
64.7 0.201372
64.8 0.175282
64.9 0.149351
65 0.123582
65.1 0.0979757
65.2 0.0725346
65.3 0.0472605
65.4 0.0221556
65.5 -0.0027779
65.6 -0.0275378
65.7 -0.0521217
65.8 -0.0765271
65.9 -0.100751
66 -0.124792
66.1 -0.148645
66.2 -0.172309
66.3 -0.195781
66.4 -0.219056
66.5 -0.242131
66.6 -0.265003
66.7 -0.287667
66.8 -0.31012
66.9 -0.332356
67 -0.354372
67.1 -0.376161
67.2 -0.397719
67.3 -0.41904
67.4 -0.440117
67.5 -0.460942
67.6 -0.481509
67.7 -0.501809
67.8 -0.521832
67.9 -0.541569
68 -0.561007
68.1 -0.580135
68.2 -0.598936
68.3 -0.617395
68.4 -0.635491
68.5 -0.653201
68.6 -0.670498
68.7 -0.687349
68.8 -0.703712
68.9 -0.719534
69 -0.734748
69.1 -0.74926
69.2 -0.76294
69.3 -0.775592
69.4 -0.786905
69.5 -0.796334
69.6 -0.802818
69.7 -0.804034
69.8 -0.795148
69.9 -0.773317
70 -0.745405
70.1 -0.71684
70.2 -0.688177
70.3 -0.659563
70.4 -0.63105
70.5 -0.60266
70.6 -0.574402
70.7 -0.546281
70.8 -0.5183
70.9 -0.490459
71 -0.46276
71.1 -0.435204
71.2 -0.407793
71.3 -0.380528
71.4 -0.35341
71.5 -0.326441
71.6 -0.299622
71.7 -0.272955
71.8 -0.246441
71.9 -0.220082
72 -0.19388
72.1 -0.167835
72.2 -0.141951
72.3 -0.116228
72.4 -0.0906691
72.5 -0.0652756
72.6 -0.0400498
72.7 -0.0149938
72.8 0.00989026
72.9 0.0346
73 0.059133
73.1 0.0834867
73.2 0.107659
73.3 0.131646
73.4 0.155446
73.5 0.179055
73.6 0.20247
73.7 0.225688
73.8 0.248705
73.9 0.271518
74 0.294122
74.1 0.316513
74.2 0.338687
74.3 0.360639
74.4 0.382362
74.5 0.403853
74.6 0.425104
74.7 0.44611
74.8 0.466862
74.9 0.487353
75 0.507575
75.1 0.527517
75.2 0.54717
75.3 0.566521
75.4 0.585556
75.5 0.604261
75.6 0.622618
75.7 0.640606
75.8 0.658201
75.9 0.675374
76 0.692089
76.1 0.708303
76.2 0.723959
76.3 0.738983
76.4 0.753272
76.5 0.766681
76.6 0.778989
76.7 0.789832
76.8 0.798561
76.9 0.803861
77 0.802796
77.1 0.790042
77.2 0.765532
77.3 0.737297
77.4 0.708676
77.5 0.680017
77.6 0.651428
77.7 0.622948
77.8 0.594595
77.9 0.566376
78 0.538295
78.1 0.510353
78.2 0.482552
78.3 0.454894
78.4 0.427379
78.5 0.40001
78.6 0.372786
78.7 0.345711
78.8 0.318785
78.9 0.292009
79 0.265385
79.1 0.238915
79.2 0.212601
79.3 0.186443
79.4 0.160444
79.5 0.134606
79.6 0.108929
79.7 0.0834171
79.8 0.0580712
79.9 0.0328935
80 0.00788628
80.1 -0.0169483
80.2 -0.0416079
80.3 -0.0660901
80.4 -0.0903923
80.5 -0.114512
80.6 -0.138446
80.7 -0.162192
80.8 -0.185746
80.9 -0.209105
81 -0.232267
81.1 -0.255226
81.2 -0.27798
81.3 -0.300524
81.4 -0.322853
81.5 -0.344964
81.6 -0.366851
81.7 -0.388509
81.8 -0.409933
81.9 -0.431114
82 -0.452048
82.1 -0.472727
82.2 -0.493143
82.3 -0.513286
82.4 -0.533147
82.5 -0.552714
82.6 -0.571977
82.7 -0.59092
82.8 -0.609527
82.9 -0.627781
83 -0.64566
83.1 -0.663138
83.2 -0.680185
83.3 -0.696762
83.4 -0.712824
83.5 -0.728308
83.6 -0.743134
83.7 -0.75719
83.8 -0.770312
83.9 -0.782248
84 -0.792575
84.1 -0.800506
84.2 -0.8044
84.3 -0.80059
84.4 -0.783944
84.5 -0.75752
84.6 -0.729143
84.7 -0.700505
84.8 -0.671864
84.9 -0.643305
85 -0.614861
85.1 -0.586546
85.2 -0.558366
85.3 -0.530324
85.4 -0.502422
85.5 -0.474662
85.6 -0.447044
85.7 -0.419571
85.8 -0.392243
85.9 -0.365062
86 -0.338028
86.1 -0.311145
86.2 -0.284412
86.3 -0.257832
86.4 -0.231406
86.5 -0.205136
86.6 -0.179024
86.7 -0.15307
86.8 -0.127278
86.9 -0.101648
87 -0.0761828
87.1 -0.0508846
87.2 -0.0257553
87.3 -0.000796936
87.4 0.0239881
87.5 0.0485974
87.6 0.0730286
87.7 0.0972791
87.8 0.121346
87.9 0.145227
88 0.168918
88.1 0.192417
88.2 0.215721
88.3 0.238825
88.4 0.261726
88.5 0.284421
88.6 0.306904
88.7 0.329172
88.8 0.35122
88.9 0.373042
89 0.394634
89.1 0.415989
89.2 0.437101
89.3 0.457963
89.4 0.478568
89.5 0.498906
89.6 0.51897
89.7 0.538749
89.8 0.558231
89.9 0.577404
90 0.596253
90.1 0.614762
90.2 0.632912
90.3 0.650679
90.4 0.668038
90.5 0.684955
90.6 0.701391
90.7 0.717295
90.8 0.732601
90.9 0.747221
91 0.76103
91.1 0.773846
91.2 0.785378
91.3 0.795126
91.4 0.802134
91.5 0.804336
91.6 0.797272
91.7 0.777045
91.8 0.749464
91.9 0.720954
92 0.692298
92.1 0.663674
92.2 0.635145
92.3 0.606737
92.4 0.57846
92.5 0.550319
92.6 0.522317
92.7 0.494456
92.8 0.466736
92.9 0.43916
93 0.411728
93.1 0.384442
93.2 0.357303
93.3 0.330313
93.4 0.303472
93.5 0.276783
93.6 0.250247
93.7 0.223866
93.8 0.19764
93.9 0.171573
94 0.145666
94.1 0.119919
94.2 0.0943367
94.3 0.0689193
94.4 0.0436692
94.5 0.0185886
94.6 -0.0063203
94.7 -0.0310552
94.8 -0.0556138
94.9 -0.0799935
95 -0.104192
95.1 -0.128206
95.2 -0.152033
95.3 -0.175669
95.4 -0.199113
95.5 -0.222359
95.6 -0.245406
95.7 -0.268248
95.8 -0.290883
95.9 -0.313305
96 -0.33551
96.1 -0.357494
96.2 -0.379251
96.3 -0.400775
96.4 -0.422061
96.5 -0.443103
96.6 -0.463892
96.7 -0.484421
96.8 -0.504682
96.9 -0.524665
97 -0.54436
97.1 -0.563755
97.2 -0.582837
97.3 -0.601591
97.4 -0.619999
97.5 -0.638041
97.6 -0.655694
97.7 -0.67293
97.8 -0.689714
97.9 -0.706003
98 -0.721743
98.1 -0.736863
98.2 -0.751266
98.3 -0.764813
98.4 -0.777297
98.5 -0.788382
98.6 -0.797474
98.7 -0.803394
98.8 -0.80353
98.9 -0.792747
99 -0.769492
99.1 -0.741377
99.2 -0.712775
99.3 -0.684112
99.4 -0.655509
99.5 -0.627012
99.6 -0.59864
99.7 -0.570402
99.8 -0.542301
99.9 -0.514339
