-0.498809 -0.695268 -0.787026 -0.836709 -0.866855 -0.88671 -0.900566 -0.910634 -0.918159 -0.92389 -0.928306 -0.931726 -0.934372 -0.936404 -0.937941 -0.939075 -0.939881 -0.94042 -0.940747 -0.940909 -0.940951 -0.940912 -0.940827 -0.940728 -0.940635 -0.940563 -0.940516 -0.940487 -0.94046 -0.940407 -0.940297 -0.940088 -0.939736 -0.93919 -0.938394 -0.937281 -0.935776 -0.933783 -0.931181 -0.927807 -0.923439 -0.917757 -0.910281 -0.90026 -0.886451 -0.866641 -0.83654 -0.7869 -0.695185 -0.498768 
-0.29997 -0.495238 -0.616126 -0.692956 -0.743999 -0.77942 -0.804919 -0.823811 -0.83811 -0.849095 -0.857607 -0.864226 -0.869358 -0.873303 -0.876284 -0.878479 -0.880028 -0.881053 -0.881658 -0.881939 -0.881982 -0.881868 -0.88167 -0.881448 -0.881249 -0.881102 -0.881014 -0.880973 -0.880944 -0.880872 -0.880691 -0.880319 -0.879666 -0.878631 -0.877103 -0.874956 -0.87204 -0.868175 -0.863132 -0.856609 -0.848194 -0.837307 -0.823105 -0.804309 -0.778903 -0.743573 -0.692618 -0.615875 -0.495071 -0.299887 
-0.205831 -0.369587 -0.489285 -0.57499 -0.636766 -0.682052 -0.715879 -0.741581 -0.761377 -0.776771 -0.788803 -0.798211 -0.805532 -0.811164 -0.815415 -0.818527 -0.8207 -0.822106 -0.822894 -0.823205 -0.82317 -0.82291 -0.822536 -0.822145 -0.821811 -0.82158 -0.821466 -0.821447 -0.821469 -0.821447 -0.821276 -0.820832 -0.819977 -0.818565 -0.816432 -0.813398 -0.809253 -0.803746 -0.796564 -0.787302 -0.775419 -0.760174 -0.740524 -0.714966 -0.681279 -0.63613 -0.574486 -0.48891 -0.369339 -0.205707 
-0.153766 -0.287995 -0.396437 -0.480952 -0.546024 -0.596141 -0.634964 -0.665257 -0.689047 -0.707809 -0.722623 -0.734285 -0.743393 -0.750407 -0.755684 -0.759514 -0.76214 -0.763774 -0.764607 -0.764818 -0.764582 -0.764064 -0.763419 -0.762785 -0.762269 -0.761942 -0.761822 -0.761881 -0.762037 -0.762171 -0.762134 -0.761753 -0.760846 -0.759218 -0.756661 -0.75295 -0.747827 -0.740992 -0.732076 -0.720615 -0.706005 -0.687444 -0.663852 -0.633752 -0.595117 -0.545181 -0.480284 -0.395941 -0.287667 -0.153603 
-0.12124 -0.23219 -0.327518 -0.406355 -0.470237 -0.521525 -0.562578 -0.595435 -0.621744 -0.642796 -0.659594 -0.672911 -0.68335 -0.691385 -0.697398 -0.701705 -0.704573 -0.706243 -0.70694 -0.706879 -0.706276 -0.705344 -0.704291 -0.703305 -0.702539 -0.702094 -0.702 -0.702215 -0.702627 -0.703067 -0.703333 -0.703201 -0.702436 -0.7008 -0.698046 -0.693912 -0.688113 -0.680317 -0.670133 -0.657077 -0.640541 -0.619745 -0.593687 -0.561073 -0.520255 -0.469193 -0.405529 -0.326904 -0.231783 -0.121037 
-0.0990026 -0.192006 -0.275088 -0.346713 -0.407045 -0.457143 -0.498389 -0.532161 -0.559696 -0.582038 -0.600045 -0.614415 -0.625709 -0.634385 -0.64082 -0.645333 -0.648203 -0.649686 -0.650029 -0.649481 -0.648297 -0.646745 -0.645095 -0.643603 -0.642487 -0.641893 -0.641869 -0.642353 -0.643186 -0.644136 -0.64493 -0.64528 -0.644897 -0.643499 -0.640808 -0.63654 -0.630393 -0.622031 -0.611062 -0.59702 -0.579335 -0.557309 -0.530079 -0.496599 -0.455635 -0.405807 -0.345735 -0.274362 -0.191525 -0.0987633 
-0.0827648 -0.161743 -0.234115 -0.298365 -0.354087 -0.401615 -0.441671 -0.475124 -0.50284 -0.525613 -0.544134 -0.558994 -0.570686 -0.579625 -0.586163 -0.590602 -0.593218 -0.594267 -0.59401 -0.592717 -0.590686 -0.588244 -0.58574 -0.583525 -0.581913 -0.581122 -0.581228 -0.582141 -0.583628 -0.58536 -0.586971 -0.58809 -0.58837 -0.58749 -0.585147 -0.581046 -0.574889 -0.566349 -0.555062 -0.540603 -0.522472 -0.500075 -0.472718 -0.439609 -0.399879 -0.352664 -0.297242 -0.233283 -0.161192 -0.0824908 
-0.0703138 -0.138085 -0.201266 -0.258543 -0.309322 -0.353556 -0.391557 -0.423824 -0.450928 -0.473438 -0.491885 -0.50674 -0.518415 -0.527266 -0.533602 -0.537695 -0.539798 -0.540155 -0.539024 -0.536689 -0.533485 -0.529802 -0.526094 -0.522844 -0.520516 -0.519452 -0.519778 -0.521354 -0.523822 -0.526705 -0.5295 -0.531738 -0.533004 -0.532943 -0.531241 -0.527609 -0.521765 -0.513414 -0.502234 -0.487859 -0.469872 -0.4478 -0.421111 -0.389237 -0.351608 -0.307727 -0.257287 -0.200335 -0.13747 -0.0700077 
-0.0604051 -0.119018 -0.174318 -0.22522 -0.2711 -0.311731 -0.347177 -0.377686 -0.403607 -0.425326 -0.443225 -0.457664 -0.468967 -0.477422 -0.483283 -0.486778 -0.488122 -0.48753 -0.485239 -0.48153 -0.47676 -0.471386 -0.465986 -0.46124 -0.457852 -0.456389 -0.457076 -0.459673 -0.4636 -0.468136 -0.472586 -0.476354 -0.478963 -0.480035 -0.479262 -0.476382 -0.471147 -0.463308 -0.452598 -0.438724 -0.421358 -0.40014 -0.374688 -0.344619 -0.309588 -0.26935 -0.223843 -0.173298 -0.118344 -0.0600701 
-0.0522884 -0.103263 -0.151769 -0.196919 -0.238127 -0.27509 -0.307732 -0.336136 -0.360489 -0.381032 -0.398024 -0.411722 -0.422366 -0.43017 -0.435327 -0.438009 -0.438379 -0.436602 -0.43287 -0.42743 -0.420636 -0.412993 -0.405222 -0.398276 -0.393261 -0.391176 -0.39246 -0.396661 -0.402765 -0.409651 -0.416351 -0.422128 -0.426458 -0.428969 -0.42939 -0.427508 -0.42313 -0.416069 -0.406125 -0.393079 -0.376693 -0.356712 -0.332881 -0.304963 -0.272776 -0.236239 -0.195435 -0.150672 -0.102539 -0.0519284 
-0.0454853 -0.0899762 -0.132576 -0.172559 -0.209398 -0.242771 -0.272523 -0.298634 -0.321179 -0.340286 -0.356116 -0.368834 -0.378601 -0.385562 -0.389843 -0.391551 -0.390782 -0.387628 -0.382204 -0.374684 -0.365357 -0.354726 -0.343631 -0.333377 -0.325736 -0.32259 -0.324925 -0.331742 -0.341146 -0.351349 -0.361035 -0.369348 -0.375768 -0.379989 -0.381819 -0.381126 -0.377795 -0.371713 -0.362753 -0.350774 -0.335621 -0.317134 -0.295159 -0.269574 -0.240311 -0.207395 -0.170986 -0.131415 -0.0892101 -0.0451046 
-0.0396762 -0.0785796 -0.116 -0.15134 -0.184136 -0.21407 -0.240952 -0.264699 -0.285304 -0.302817 -0.317317 -0.328895 -0.337641 -0.343632 -0.346929 -0.347568 -0.345565 -0.34092 -0.333633 -0.32374 -0.311378 -0.296919 -0.281197 -0.26586 -0.253715 -0.248518 -0.252906 -0.264231 -0.278723 -0.293562 -0.30709 -0.318456 -0.327275 -0.333396 -0.336769 -0.337378 -0.335208 -0.330231 -0.322397 -0.31164 -0.297881 -0.28104 -0.261047 -0.237862 -0.211497 -0.182044 -0.1497 -0.11479 -0.0777818 -0.0392799 
-0.0346394 -0.0686652 -0.101505 -0.132662 -0.161734 -0.18842 -0.212517 -0.233902 -0.252519 -0.268358 -0.281437 -0.291785 -0.299431 -0.304395 -0.30667 -0.306223 -0.302986 -0.296849 -0.287665 -0.275261 -0.259493 -0.240369 -0.218373 -0.195147 -0.17474 -0.164857 -0.173947 -0.193549 -0.215948 -0.237084 -0.255301 -0.270106 -0.281477 -0.289549 -0.294479 -0.296406 -0.295426 -0.291602 -0.28496 -0.275504 -0.263222 -0.248097 -0.230125 -0.209327 -0.18577 -0.159582 -0.130978 -0.100263 -0.0678467 -0.034233 
-0.0302159 -0.0599358 -0.0886923 -0.116069 -0.141716 -0.165358 -0.18679 -0.20587 -0.22251 -0.236657 -0.248284 -0.257372 -0.263902 -0.267841 -0.269128 -0.267665 -0.263303 -0.255822 -0.24491 -0.230142 -0.210958 -0.186688 -0.156775 -0.12161 -0.085238 -0.0622174 -0.0844706 -0.120065 -0.154433 -0.183518 -0.206919 -0.225186 -0.238975 -0.248837 -0.25519 -0.258335 -0.258486 -0.255787 -0.250335 -0.242192 -0.231402 -0.217999 -0.202027 -0.18355 -0.16267 -0.139537 -0.114364 -0.0874361 -0.0591087 -0.0298053 
-0.0262877 -0.0521692 -0.0772579 -0.101203 -0.123702 -0.144504 -0.163412 -0.180277 -0.194991 -0.207473 -0.217665 -0.225514 -0.230961 -0.233934 -0.234331 -0.232002 -0.226734 -0.218219 -0.206007 -0.189435 -0.167501 -0.138646 -0.100423 -0.0492721 0.0176212 0.0857017 0.0183526 -0.0478004 -0.0981938 -0.135631 -0.163667 -0.184738 -0.200394 -0.21163 -0.219102 -0.223254 -0.22439 -0.222721 -0.218397 -0.211525 -0.20219 -0.190466 -0.17643 -0.160175 -0.141821 -0.12153 -0.0995057 -0.0760076 -0.0513463 -0.0258793 
-0.0227651 -0.0451943 -0.0669656 -0.0877825 -0.107382 -0.125541 -0.142074 -0.156832 -0.169698 -0.180576 -0.189386 -0.196051 -0.200489 -0.2026 -0.202253 -0.199272 -0.193407 -0.184307 -0.171457 -0.154085 -0.130959 -0.099963 -0.0569941 0.00733011 0.1193 0.369057 0.119986 0.00871075 -0.0549039 -0.0971403 -0.127374 -0.149699 -0.166226 -0.17818 -0.18633 -0.191184 -0.193093 -0.192305 -0.189001 -0.183317 -0.175364 -0.165242 -0.153049 -0.138894 -0.122909 -0.105253 -0.0861194 -0.0657413 -0.0443887 -0.0223654 
-0.0195776 -0.0388761 -0.0576262 -0.0755768 -0.0925013 -0.108201 -0.122507 -0.135276 -0.146389 -0.155743 -0.163247 -0.168811 -0.172338 -0.173717 -0.172805 -0.169418 -0.163309 -0.154136 -0.141423 -0.12448 -0.102281 -0.0732456 -0.0349126 0.0162945 0.0831982 0.151249 0.0838319 0.0175686 -0.0329849 -0.0706448 -0.0989809 -0.12045 -0.136626 -0.148529 -0.156847 -0.162053 -0.164488 -0.164401 -0.16198 -0.157373 -0.150704 -0.142085 -0.131625 -0.119441 -0.105665 -0.0904508 -0.0739761 -0.0564483 -0.0381013 -0.0191932 
-0.0166686 -0.0331051 -0.0490845 -0.0643948 -0.0788419 -0.0922521 -0.104473 -0.115372 -0.124833 -0.132755 -0.139043 -0.143601 -0.146331 -0.147117 -0.145824 -0.14228 -0.136266 -0.127499 -0.115612 -0.100124 -0.0804289 -0.0558178 -0.0256964 0.00957096 0.0459577 0.0689183 0.0465321 0.0107253 -0.0239511 -0.053465 -0.0774471 -0.0964871 -0.111289 -0.122457 -0.130467 -0.135687 -0.138399 -0.138825 -0.137139 -0.133486 -0.12799 -0.120764 -0.111921 -0.101577 -0.0898577 -0.0769064 -0.0628843 -0.047973 -0.032374 -0.0163059 
-0.0139909 -0.0277897 -0.0412097 -0.0540735 -0.0662164 -0.0774888 -0.0877564 -0.0968999 -0.104812 -0.111397 -0.116561 -0.120213 -0.122258 -0.12259 -0.121086 -0.117603 -0.111967 -0.103974 -0.0933909 -0.0799664 -0.0634837 -0.0438908 -0.0216168 0.00173766 0.0221531 0.0319436 0.0226625 0.002761 -0.0200704 -0.0418077 -0.0608465 -0.0767536 -0.089578 -0.0995339 -0.10687 -0.111821 -0.11459 -0.115353 -0.114259 -0.111436 -0.106999 -0.101057 -0.0937152 -0.0850834 -0.0752788 -0.0644301 -0.0526795 -0.040184 -0.027115 -0.0136561 
-0.0115042 -0.0228515 -0.0338889 -0.04447 -0.0544579 -0.063726 -0.0721594 -0.0796537 -0.0861138 -0.0914517 -0.0955833 -0.0984254 -0.0998919 -0.0998906 -0.0983203 -0.0950689 -0.0900144 -0.0830304 -0.0740014 -0.0628566 -0.0496385 -0.0346343 -0.0186071 -0.00314599 0.00898413 0.0140511 0.0094238 -0.00226294 -0.0172733 -0.032839 -0.0473676 -0.0600931 -0.0707259 -0.0792217 -0.0856503 -0.090127 -0.0927792 -0.0937316 -0.0931003 -0.0909923 -0.087508 -0.0827435 -0.0767943 -0.0697586 -0.0617407 -0.0528528 -0.0432173 -0.0329669 -0.022245 -0.0112032 
-0.00917336 -0.0182214 -0.0270217 -0.0354567 -0.0434151 -0.0507934 -0.0574962 -0.0634358 -0.068531 -0.0727059 -0.0758878 -0.0780049 -0.0789844 -0.0787509 -0.0772256 -0.0743283 -0.0699814 -0.0641209 -0.0567168 -0.047809 -0.0375682 -0.0263893 -0.0150196 -0.004687 0.00288997 0.00586458 0.00325613 -0.00395179 -0.0139097 -0.0248962 -0.035681 -0.0455148 -0.0540007 -0.0609669 -0.0663728 -0.0702487 -0.0726598 -0.0736858 -0.0734108 -0.0719185 -0.0692909 -0.0656091 -0.0609546 -0.0554116 -0.0490686 -0.04202 -0.0343673 -0.0262198 -0.0176936 -0.00891134 
-0.00696664 -0.0138371 -0.0205173 -0.0269164 -0.0329481 -0.0385313 -0.0435906 -0.0480557 -0.0518613 -0.0549454 -0.0572487 -0.0587131 -0.0592805 -0.0588928 -0.0574926 -0.0550264 -0.0514506 -0.0467434 -0.040924 -0.0340824 -0.0264235 -0.0183226 -0.0103826 -0.00345966 0.00141088 0.00327375 0.00170053 -0.00287822 -0.00950514 -0.0171429 -0.0249337 -0.0322729 -0.0387841 -0.0442616 -0.048615 -0.0518255 -0.0539161 -0.0549323 -0.0549306 -0.0539724 -0.0521211 -0.0494411 -0.045998 -0.0418599 -0.0370979 -0.0317877 -0.0260096 -0.0198493 -0.0133972 -0.00674815 
-0.00485484 -0.00964087 -0.0142908 -0.0187396 -0.0229249 -0.0267877 -0.0302728 -0.0333283 -0.0359052 -0.0379573 -0.0394396 -0.0403086 -0.0405214 -0.0400364 -0.0388144 -0.0368223 -0.0340391 -0.0304657 -0.0261404 -0.02116 -0.0157076 -0.0100813 -0.00471483 -0.000166248 0.00295315 0.00413267 0.00316402 0.000256928 -0.00407651 -0.00922371 -0.0146253 -0.0198468 -0.0245891 -0.0286688 -0.031989 -0.0345117 -0.0362369 -0.0371872 -0.0373981 -0.0369114 -0.0357726 -0.0340293 -0.0317304 -0.0289266 -0.0256711 -0.0220197 -0.0180314 -0.0137685 -0.00929652 -0.00468364 
-0.00281046 -0.00557842 -0.00826244 -0.0108222 -0.0132191 -0.015416 -0.017378 -0.0190719 -0.0204659 -0.0215298 -0.0222341 -0.0225499 -0.0224493 -0.0219053 -0.020894 -0.0193967 -0.0174047 -0.0149266 -0.0119981 -0.00869553 -0.00515108 -0.0015659 0.00178543 0.00457101 0.00644996 0.00715441 0.00658046 0.0048328 0.00218004 -0.00103621 -0.00448344 -0.00788654 -0.0110439 -0.0138234 -0.0161486 -0.017984 -0.0193218 -0.0201717 -0.0205536 -0.0204936 -0.0200208 -0.019166 -0.0179612 -0.0164396 -0.0146354 -0.0125846 -0.0103246 -0.00789459 -0.00533543 -0.00268945 
-0.000807109 -0.00159742 -0.00235482 -0.00306346 -0.00370787 -0.00427301 -0.00474423 -0.00510724 -0.00534795 -0.0054524 -0.00540663 -0.00519666 -0.00480865 -0.0042293 -0.00344681 -0.00245234 -0.00124259 0.000176549 0.00178495 0.00354197 0.00537986 0.00719879 0.00886695 0.0102305 0.0111369 0.0114701 0.0111861 0.010329 0.00901511 0.00739703 0.00562871 0.00384203 0.00213684 0.000580858 -0.00078541 -0.00194203 -0.00288344 -0.00361338 -0.00414124 -0.00447957 -0.00464252 -0.00464497 -0.00450206 -0.00422909 -0.00384144 -0.00335468 -0.00278464 -0.0021475 -0.00145976 -0.000738237 
0.00118102 0.00235326 0.00350769 0.00463577 0.00572973 0.00678271 0.00778889 0.00874356 0.0096431 0.010485 0.0112676 0.0119903 0.0126531 0.0132566 0.0138021 0.014291 0.0147248 0.0151055 0.0154348 0.0157144 0.0159459 0.0161305 0.0162695 0.0163636 0.0164135 0.0164193 0.016381 0.0162982 0.0161702 0.0159961 0.0157744 0.0155039 0.0151828 0.0148092 0.0143813 0.0138973 0.0133554 0.0127541 0.0120921 0.0113688 0.0105841 0.00973869 0.00883411 0.00787292 0.00685876 0.00579638 0.00469163 0.00355143 0.0023836 0.00119675 
0.00317957 0.00632453 0.00940038 0.012374 0.0152142 0.0178922 0.0203815 0.0226584 0.0247016 0.0264923 0.0280133 0.0292494 0.030187 0.0308144 0.031122 0.0311041 0.0307609 0.0301018 0.0291507 0.0279516 0.0265755 0.025125 0.023734 0.0225583 0.0217514 0.0214299 0.0216375 0.0223295 0.0233882 0.0246588 0.025985 0.0272319 0.0282961 0.0291063 0.0296181 0.0298078 0.0296662 0.0291939 0.0283977 0.0272887 0.0258807 0.0241899 0.0222343 0.0200344 0.0176127 0.0149944 0.0122069 0.00928052 0.00624753 0.00314216 
0.00521448 0.0103678 0.0153993 0.0202508 0.0248673 0.0291976 0.0331947 0.0368162 0.0400231 0.0427803 0.0450558 0.0468198 0.0480449 0.0487062 0.0487824 0.0482582 0.0471289 0.0454067 0.0431315 0.0403831 0.0372972 0.0340776 0.0310013 0.0284021 0.0266219 0.0259292 0.0264276 0.0280117 0.0304114 0.0332831 0.0362915 0.0391586 0.041679 0.0437168 0.0451914 0.0460633 0.0463207 0.0459697 0.0450275 0.0435181 0.0414698 0.0389145 0.0358867 0.0324244 0.0285691 0.0243661 0.0198649 0.0151189 0.0101854 0.0051249 
0.00731238 0.0145358 0.0215824 0.0283679 0.0348129 0.0408436 0.0463924 0.051398 0.0558048 0.0595618 0.0626223 0.0649424 0.0664807 0.0671979 0.0670586 0.0660336 0.0641063 0.0612818 0.0576029 0.0531703 0.0481706 0.0429052 0.0378101 0.0334454 0.0304236 0.0292558 0.0301503 0.0328964 0.0369806 0.041788 0.0467566 0.0514485 0.0555608 0.0589059 0.0613822 0.0629475 0.063597 0.0633494 0.0622363 0.0602972 0.057576 0.0541204 0.0499815 0.0452145 0.0398792 0.034041 0.0277713 0.0211474 0.014252 0.00717257 
0.00950112 0.0188836 0.0280308 0.0368311 0.0451794 0.0529792 0.0601422 0.0665888 0.0722471 0.0770517 0.080942 0.0838606 0.0857519 0.0865615 0.0862364 0.084728 0.0819978 0.0780292 0.072846 0.0665428 0.0593285 0.0515815 0.0439077 0.037165 0.0323903 0.0305393 0.0320402 0.0364617 0.0428448 0.0501499 0.057516 0.0643351 0.0702264 0.0749797 0.0784995 0.0807618 0.0817843 0.0816075 0.0802833 0.0778694 0.0744268 0.0700189 0.0647127 0.0585799 0.0516981 0.0441524 0.036036 0.0274502 0.0185042 0.00931397 
0.0118104 0.0234699 0.0348307 0.0457517 0.0561014 0.0657595 0.0746174 0.0825779 0.0895543 0.0954681 0.100246 0.10382 0.10612 0.107075 0.106614 0.104661 0.101145 0.0960091 0.0892275 0.0808455 0.0710381 0.060204 0.0490934 0.0389363 0.0314528 0.0284902 0.0310289 0.0380846 0.0478059 0.058469 0.0688405 0.0781669 0.0860468 0.0923032 0.0968898 0.0998308 0.101185 0.101026 0.0994322 0.0964819 0.0922532 0.0868251 0.080279 0.0727015 0.0641872 0.0548397 0.044774 0.0341159 0.0230025 0.0115796 
0.0142724 0.0283581 0.0420747 0.0552493 0.067722 0.0793481 0.0899991 0.0995615 0.107936 0.115032 0.120769 0.125067 0.127847 0.129022 0.128499 0.126174 0.121932 0.115653 0.107228 0.0965926 0.0837937 0.0691225 0.0533454 0.0380538 0.0260142 0.0209594 0.0255203 0.0370611 0.0518441 0.0670984 0.0812282 0.0934629 0.103508 0.111313 0.116942 0.120502 0.122113 0.121893 0.11995 0.116384 0.11129 0.104759 0.0968849 0.0877675 0.0775156 0.0662505 0.0541082 0.04124 0.027812 0.0140027 
0.0169232 0.0336188 0.0498653 0.0654545 0.080196 0.0939201 0.106479 0.117744 0.127606 0.135968 0.142744 0.147848 0.151193 0.152683 0.152204 0.149621 0.144772 0.13746 0.127458 0.114522 0.0984411 0.0791666 0.0571317 0.0339394 0.0136108 0.00383271 0.0130515 0.0328148 0.0554303 0.0768712 0.0955292 0.110966 0.123226 0.132516 0.139078 0.143136 0.144887 0.144497 0.142103 0.137826 0.131773 0.124045 0.114743 0.103976 0.0918634 0.0785436 0.0641723 0.0489269 0.0330044 0.0166197 
0.0198036 0.0393317 0.0583176 0.0765131 0.0936944 0.109666 0.124261 0.13734 0.148787 0.158504 0.166404 0.172402 0.17641 0.178328 0.178028 0.175353 0.170093 0.161976 0.150641 0.135617 0.116301 0.091991 0.0620952 0.0269811 -0.00932306 -0.032271 -0.00994229 0.0257358 0.0602102 0.0894458 0.113069 0.131665 0.145931 0.156464 0.163732 0.168093 0.169818 0.169116 0.166152 0.161057 0.153943 0.144914 0.134075 0.121536 0.107425 0.0918932 0.0751147 0.0572936 0.038661 0.0194721 
0.0229615 0.0455899 0.0675649 0.0885918 0.10841 0.126796 0.143568 0.158578 0.17171 0.182869 0.191978 0.19896 0.203734 0.206205 0.206246 0.203686 0.19829 0.189728 0.177533 0.161022 0.139176 0.11042 0.072297 0.0212327 -0.0455934 -0.113632 -0.0462659 0.0198798 0.0702478 0.107651 0.135655 0.156711 0.172387 0.183694 0.191311 0.1957 0.197189 0.196012 0.192344 0.186317 0.178038 0.167604 0.155114 0.140675 0.124415 0.106494 0.0871037 0.0664746 0.0448755 0.0226083 
0.0264545 0.0525047 0.0777648 0.101885 0.124563 0.145549 0.164646 0.181705 0.196616 0.209299 0.219692 0.227738 0.233377 0.236528 0.23708 0.234872 0.229669 0.221132 0.208758 0.191781 0.168978 0.138237 0.0954593 0.0312657 -0.0806323 -0.330376 -0.0813503 0.0298206 0.0932689 0.135274 0.165207 0.187156 0.203226 0.214632 0.222131 0.226222 0.227239 0.225413 0.220908 0.213839 0.204298 0.192361 0.17811 0.161641 0.143074 0.12257 0.100335 0.0766286 0.0517598 0.026086 
0.0303537 0.0602125 0.0891089 0.116626 0.142415 0.166199 0.187771 0.206989 0.223761 0.23803 0.249765 0.258938 0.265522 0.269467 0.270692 0.269069 0.2644 0.256391 0.244604 0.228385 0.206737 0.178108 0.140057 0.0890222 0.0221941 -0.0458724 0.0214394 0.0875026 0.137752 0.174987 0.202759 0.223498 0.238746 0.249491 0.256377 0.259832 0.260145 0.257507 0.252047 0.243846 0.232962 0.219441 0.203334 0.18471 0.163675 0.140381 0.115043 0.0879472 0.0594506 0.0299767 
0.0347497 0.0688859 0.101836 0.133102 0.162279 0.189067 0.213259 0.23473 0.253419 0.269309 0.28241 0.292743 0.30032 0.305139 0.307166 0.306327 0.302488 0.295446 0.2849 0.270435 0.251496 0.227421 0.197655 0.162591 0.126277 0.103272 0.125496 0.161017 0.195265 0.224182 0.247361 0.265346 0.278787 0.288225 0.294067 0.296598 0.296014 0.292437 0.285937 0.276547 0.264273 0.249117 0.231082 0.210199 0.18654 0.16024 0.131513 0.100669 0.0681203 0.0343707 
0.0397608 0.0787485 0.116252 0.15167 0.18454 0.21454 0.241477 0.265262 0.285885 0.303387 0.317838 0.329314 0.33789 0.343617 0.346523 0.346599 0.343796 0.338019 0.329133 0.316976 0.301408 0.282444 0.260569 0.237427 0.217071 0.207203 0.216274 0.235821 0.258128 0.279131 0.297173 0.311753 0.322845 0.330571 0.335081 0.336494 0.334888 0.330301 0.32273 0.31214 0.298477 0.281678 0.261686 0.238471 0.212053 0.18253 0.150102 0.1151 0.0779921 0.0393863 
0.0455469 0.0900983 0.132756 0.172791 0.209676 0.243082 0.272854 0.298965 0.321482 0.340528 0.35625 0.3688 0.37832 0.384931 0.388725 0.389766 0.388092 0.383717 0.376654 0.366944 0.354733 0.340394 0.324765 0.309496 0.297393 0.292212 0.296592 0.307881 0.322311 0.337058 0.350461 0.361666 0.370282 0.376149 0.379205 0.37942 0.376757 0.371162 0.362551 0.350816 0.335827 0.317441 0.29552 0.269951 0.240677 0.207728 0.171271 0.131638 0.0893634 0.0451828 
0.0523299 0.103345 0.151887 0.197067 0.238296 0.275267 0.307899 0.33627 0.360561 0.381003 0.397844 0.411327 0.421673 0.429073 0.433692 0.435664 0.435103 0.432119 0.426835 0.419431 0.4102 0.39965 0.388619 0.378414 0.370807 0.367678 0.370016 0.376818 0.38619 0.396345 0.405961 0.414181 0.420483 0.42455 0.426183 0.425235 0.42157 0.415048 0.405507 0.392756 0.376581 0.356746 0.333009 0.305144 0.272979 0.236441 0.195617 0.150819 0.102643 0.051982 
0.0604297 0.119065 0.174384 0.225298 0.271179 0.311797 0.34721 0.377664 0.403497 0.425087 0.442807 0.457003 0.467981 0.47601 0.481318 0.484106 0.484552 0.482834 0.479151 0.473757 0.467003 0.459399 0.451663 0.444747 0.439758 0.437693 0.438991 0.443198 0.449303 0.456183 0.462871 0.468629 0.47293 0.475398 0.475756 0.473776 0.469251 0.461965 0.451681 0.438129 0.421003 0.39996 0.374631 0.344642 0.309659 0.269443 0.223939 0.173383 0.118406 0.060103 
0.0703249 0.138105 0.20129 0.258565 0.30933 0.353536 0.39149 0.423684 0.450684 0.473051 0.491304 0.505905 0.51725 0.525678 0.531478 0.534901 0.536176 0.535527 0.533192 0.529455 0.52467 0.519294 0.513901 0.509168 0.505799 0.504358 0.505069 0.507694 0.511653 0.516227 0.520723 0.524547 0.527221 0.528368 0.527676 0.524874 0.519702 0.511888 0.50113 0.487084 0.46935 0.447467 0.420917 0.389141 0.351577 0.307736 0.257316 0.200369 0.137498 0.0700239 
0.0827657 0.161743 0.234109 0.298346 0.354044 0.401534 0.441533 0.474906 0.502511 0.525135 0.543462 0.558071 0.569444 0.577983 0.584024 0.587855 0.589737 0.589916 0.588647 0.586213 0.582941 0.579218 0.57549 0.572239 0.569923 0.568883 0.569245 0.570868 0.573398 0.576361 0.579258 0.581624 0.583051 0.583185 0.581716 0.578352 0.572805 0.564763 0.553876 0.539735 0.521852 0.499647 0.472435 0.439431 0.399776 0.352612 0.297222 0.23328 0.161196 0.0824944 
0.0989965 0.191992 0.275062 0.346667 0.40697 0.457025 0.49821 0.5319 0.559325 0.581524 0.599346 0.613482 0.624482 0.632795 0.638788 0.642769 0.645009 0.645762 0.645278 0.643819 0.641673 0.639157 0.636613 0.634386 0.632782 0.632018 0.632169 0.633147 0.634722 0.636571 0.638334 0.639651 0.640182 0.639616 0.637659 0.634022 0.628409 0.620489 0.609883 0.596134 0.578682 0.556838 0.529749 0.496375 0.455489 0.405716 0.345682 0.274333 0.191512 0.0987582 
0.12123 0.232168 0.32748 0.406295 0.470147 0.521391 0.562386 0.595165 0.621372 0.642293 0.658924 0.672033 0.682214 0.689936 0.695572 0.699431 0.701778 0.702855 0.702892 0.702121 0.700784 0.699134 0.697429 0.695918 0.694809 0.694246 0.694276 0.694839 0.69578 0.696876 0.697865 0.69847 0.698419 0.697446 0.695288 0.691677 0.686326 0.678909 0.669039 0.65624 0.63991 0.61928 0.59335 0.560835 0.520091 0.469084 0.405459 0.326862 0.23176 0.121027 
0.153755 0.287971 0.396397 0.48089 0.545933 0.596011 0.634781 0.665006 0.688707 0.707358 0.72203 0.733518 0.742413 0.749168 0.754139 0.75761 0.759825 0.760995 0.761321 0.760996 0.760215 0.759172 0.75806 0.757055 0.7563 0.75589 0.755857 0.756159 0.75669 0.757296 0.757785 0.757953 0.757586 0.756467 0.754375 0.751077 0.746314 0.739786 0.731129 0.719881 0.705444 0.687023 0.663541 0.633527 0.594958 0.545072 0.480211 0.395895 0.28764 0.153591 
0.20582 0.369565 0.489249 0.574935 0.636687 0.68194 0.715725 0.741372 0.761098 0.776404 0.788326 0.797599 0.804755 0.81019 0.814209 0.817053 0.818921 0.819986 0.820407 0.820334 0.819913 0.819287 0.818591 0.817946 0.81745 0.817165 0.817109 0.817255 0.817533 0.817836 0.818033 0.817977 0.817509 0.816466 0.814674 0.811947 0.808072 0.802797 0.795812 0.786714 0.774965 0.759829 0.740267 0.714777 0.681143 0.636034 0.574421 0.488868 0.369314 0.205695 
0.299962 0.495221 0.616099 0.692915 0.743941 0.779339 0.804808 0.823662 0.837913 0.848836 0.857274 0.8638 0.868821 0.872633 0.875459 0.877475 0.878823 0.879625 0.879991 0.880024 0.879821 0.879475 0.879075 0.878694 0.878395 0.878214 0.878162 0.878224 0.878354 0.878487 0.878539 0.878415 0.878011 0.877216 0.875912 0.873967 0.871231 0.867522 0.862612 0.856199 0.847876 0.837065 0.822922 0.804173 0.778805 0.743503 0.69257 0.615843 0.495052 0.299878 
0.498805 0.695259 0.787011 0.836688 0.866824 0.886668 0.900508 0.910556 0.918056 0.923757 0.928134 0.931508 0.934098 0.936063 0.937522 0.938567 0.939273 0.939702 0.939911 0.939952 0.939873 0.939722 0.93954 0.939364 0.939223 0.939135 0.939106 0.939126 0.939175 0.939221 0.939224 0.939136 0.938906 0.938479 0.937793 0.936781 0.935366 0.933451 0.930915 0.927597 0.923276 0.917632 0.910186 0.90019 0.8864 0.866604 0.836514 0.786883 0.695175 0.498763 
