0 1
0.1 1.46667
0.2 1.74718
0.3 1.70106
0.4 1.70115
0.5 1.68411
0.6 1.67231
0.7 1.65867
0.8 1.64524
0.9 1.63148
1 1.61749
1.1 1.60324
1.2 1.5887
1.3 1.57388
1.4 1.55874
1.5 1.54326
1.6 1.52742
1.7 1.5112
1.8 1.49456
1.9 1.47747
2 1.45989
2.1 1.44177
2.2 1.42307
2.3 1.40372
2.4 1.38365
2.5 1.36279
2.6 1.34102
2.7 1.31824
2.8 1.2943
2.9 1.26901
3 1.24215
3.1 1.21345
3.2 1.18252
3.3 1.14888
3.4 1.11187
3.5 1.07056
3.6 1.02366
3.7 0.969225
3.8 0.904292
3.9 0.824115
4 0.720718
4.1 0.579948
4.2 0.375271
4.3 0.0547024
4.4 -0.481724
4.5 -1.36807
4.6 -2.29868
4.7 -1.6304
4.8 -2.29417
4.9 -1.6001
5 -2.25875
5.1 -1.62942
5.2 -2.21649
5.3 -1.66682
5.4 -2.1705
5.5 -1.70471
5.6 -2.12116
5.7 -1.74112
5.8 -2.06914
5.9 -1.77392
6 -2.01588
6.1 -1.80049
6.2 -1.96374
6.3 -1.8182
6.4 -1.91562
6.5 -1.82532
6.6 -1.87384
6.7 -1.82188
6.8 -1.83901
6.9 -1.80973
7 -1.80979
7.1 -1.79166
7.2 -1.78389
7.3 -1.77015
7.4 -1.75932
7.5 -1.74682
7.6 -1.73487
7.7 -1.72244
7.8 -1.70996
7.9 -1.69725
8 -1.68436
8.1 -1.67127
8.2 -1.65797
8.3 -1.64444
8.4 -1.63069
8.5 -1.61668
8.6 -1.60241
8.7 -1.58786
8.8 -1.57302
8.9 -1.55786
9 -1.54236
9.1 -1.5265
9.2 -1.51026
9.3 -1.49359
9.4 -1.47648
9.5 -1.45887
9.6 -1.44072
9.7 -1.42198
9.8 -1.40259
9.9 -1.38248
10 -1.36156
10.1 -1.33974
10.2 -1.3169
10.3 -1.29288
10.4 -1.26751
10.5 -1.24056
10.6 -1.21174
10.7 -1.18067
10.8 -1.14685
10.9 -1.10962
11 -1.06804
11.1 -1.02076
11.2 -0.965817
11.3 -0.900159
11.4 -0.818906
11.5 -0.713827
11.6 -0.57027
11.7 -0.360684
11.8 -0.0310081
11.9 0.522106
12 1.42949
12.1 2.31845
12.2 1.58913
12.3 2.29756
12.4 1.59245
12.5 2.25845
12.6 1.62912
12.7 2.21568
12.8 1.66738
12.9 2.16951
13 1.70543
13.1 2.12007
13.2 1.74184
13.3 2.06799
13.4 1.77455
13.5 2.01472
13.6 1.80097
13.7 1.96263
13.8 1.81847
13.9 1.91463
14 1.82535
14.1 1.873
14.2 1.82169
14.3 1.83832
14.4 1.80939
14.5 1.80919
14.6 1.79121
14.7 1.78334
14.8 1.76965
14.9 1.75879
15 1.74629
15.1 1.73433
15.2 1.72189
15.3 1.7094
15.4 1.69668
15.5 1.68379
15.6 1.67069
15.7 1.65738
15.8 1.64384
15.9 1.63007
16 1.61605
16.1 1.60177
16.2 1.58721
16.3 1.57236
16.4 1.55718
16.5 1.54167
16.6 1.5258
16.7 1.50953
16.8 1.49285
16.9 1.47571
17 1.45808
17.1 1.4399
17.2 1.42114
17.3 1.40172
17.4 1.38157
17.5 1.36062
17.6 1.33876
17.7 1.31587
17.8 1.29179
17.9 1.26636
18 1.23933
18.1 1.21042
18.2 1.17924
18.3 1.14529
18.4 1.10789
18.5 1.06608
18.6 1.01852
18.7 0.963176
18.8 0.896951
18.9 0.814854
19 0.708451
19.1 0.562696
19.2 0.349223
19.3 0.0123267
19.4 -0.553952
19.5 -1.47709
19.6 -2.32858
19.7 -1.56719
19.8 -2.29752
19.9 -1.59175
20 -2.25774
20.1 -1.6297
20.2 -2.21483
20.3 -1.66808
20.4 -2.16858
20.5 -1.70615
20.6 -2.11908
20.7 -1.74251
20.8 -2.06696
20.9 -1.77513
21 -2.01368
21.1 -1.8014
21.2 -1.96165
21.3 -1.81871
21.4 -1.91375
21.5 -1.82537
21.6 -1.87226
21.7 -1.82152
21.8 -1.8377
21.9 -1.80908
22 -1.80866
22.1 -1.79082
22.2 -1.78285
22.3 -1.76921
22.4 -1.75831
22.5 -1.74582
22.6 -1.73384
22.7 -1.7214
22.8 -1.70891
22.9 -1.69618
23 -1.68328
23.1 -1.67017
23.2 -1.65685
23.3 -1.64331
23.4 -1.62953
23.5 -1.6155
23.6 -1.60121
23.7 -1.58664
23.8 -1.57177
23.9 -1.55658
24 -1.54106
24.1 -1.52517
24.2 -1.50889
24.3 -1.49219
24.4 -1.47503
24.5 -1.45738
24.6 -1.43918
24.7 -1.42039
24.8 -1.40095
24.9 -1.38077
25 -1.35979
25.1 -1.33789
25.2 -1.31495
25.3 -1.29083
25.4 -1.26533
25.5 -1.23824
25.6 -1.20924
25.7 -1.17797
25.8 -1.1439
25.9 -1.10634
26 -1.06434
26.1 -1.01652
26.2 -0.960817
26.3 -0.894082
26.4 -0.811224
26.5 -0.703624
26.6 -0.555876
26.7 -0.338873
26.8 0.00459411
26.9 0.582796
27 1.51951
27.1 2.33365
27.2 1.55572
27.3 2.29675
27.4 1.59256
27.5 2.25695
27.6 1.63044
27.7 2.21398
27.8 1.66882
27.9 2.16767
28 1.70686
28.1 2.11811
28.2 1.74318
28.3 2.06595
28.4 1.7757
28.5 2.01267
28.6 1.80182
28.7 1.96069
28.8 1.81894
28.9 1.91289
29 1.8254
29.1 1.87154
29.2 1.82136
29.3 1.83711
29.4 1.80878
29.5 1.80815
29.6 1.79043
29.7 1.78238
29.8 1.76877
29.9 1.75785
30 1.74537
30.1 1.73338
30.2 1.72093
30.3 1.70843
30.4 1.6957
30.5 1.68279
30.6 1.66967
30.7 1.65634
30.8 1.64279
30.9 1.629
31 1.61496
31.1 1.60066
31.2 1.58608
31.3 1.5712
31.4 1.556
31.5 1.54046
31.6 1.52456
31.7 1.50826
31.8 1.49154
31.9 1.47437
32 1.4567
32.1 1.43848
32.2 1.41966
32.3 1.40019
32.4 1.37999
32.5 1.35897
32.6 1.33703
32.7 1.31405
32.8 1.28988
32.9 1.26433
33 1.23717
33.1 1.2081
33.2 1.17673
33.3 1.14254
33.4 1.10484
33.5 1.06264
33.6 1.01456
33.7 0.958506
33.8 0.891267
33.9 0.807655
34 0.698869
34.1 0.54914
34.2 0.328619
34.3 -0.0213998
34.4 -0.611435
34.5 -1.56095
34.6 -2.33489
34.7 -1.55229
34.8 -2.2959
34.9 -1.59346
35 -2.25611
35.1 -1.63122
35.2 -2.21309
35.3 -1.66959
35.4 -2.16671
35.5 -1.70761
35.6 -2.11709
35.7 -1.74387
35.8 -2.06489
35.9 -1.77629
36 -2.01161
36.1 -1.80226
36.2 -1.95968
36.3 -1.81917
36.4 -1.912
36.5 -1.82541
36.6 -1.87079
36.7 -1.82118
36.8 -1.83648
36.9 -1.80846
37 -1.80761
37.1 -1.79002
37.2 -1.78188
37.3 -1.76832
37.4 -1.75736
37.5 -1.74489
37.6 -1.73288
37.7 -1.72044
37.8 -1.70792
37.9 -1.69518
38 -1.68227
38.1 -1.66914
38.2 -1.65581
38.3 -1.64224
38.4 -1.62845
38.5 -1.6144
38.6 -1.60008
38.7 -1.58549
38.8 -1.5706
38.9 -1.55538
39 -1.53983
39.1 -1.52391
39.2 -1.5076
39.3 -1.49087
39.4 -1.47367
39.5 -1.45598
39.6 -1.43774
39.7 -1.4189
39.8 -1.3994
39.9 -1.37917
40 -1.35811
40.1 -1.33614
40.2 -1.31311
40.3 -1.28889
40.4 -1.26328
40.5 -1.23605
40.6 -1.20689
40.7 -1.17542
40.8 -1.14111
40.9 -1.10325
41 -1.06085
41.1 -1.01249
41.2 -0.956063
41.3 -0.888287
41.4 -0.803872
41.5 -0.693818
41.6 -0.541965
41.7 -0.317665
41.8 0.0394009
41.9 0.642095
42 1.60453
42.1 2.33214
42.2 1.55725
42.3 2.29512
42.4 1.59415
42.5 2.25519
42.6 1.63206
42.7 2.21209
42.8 1.67045
42.9 2.16563
43 1.70845
43.1 2.11595
43.2 1.74465
43.3 2.0637
43.4 1.77696
43.5 2.01042
43.6 1.80275
43.7 1.95856
43.8 1.81943
43.9 1.911
44 1.82543
44.1 1.86995
44.2 1.82098
44.3 1.83578
44.4 1.8081
44.5 1.807
44.6 1.78957
44.7 1.78133
44.8 1.76781
44.9 1.75681
45 1.74435
45.1 1.73233
45.2 1.71988
45.3 1.70736
45.4 1.69461
45.5 1.68168
45.6 1.66855
45.7 1.6552
45.8 1.64163
45.9 1.62782
46 1.61376
46.1 1.59943
46.2 1.58483
46.3 1.56992
46.4 1.55469
46.5 1.53912
46.6 1.52319
46.7 1.50686
46.8 1.49011
46.9 1.47289
47 1.45517
47.1 1.43691
47.2 1.41804
47.3 1.39851
47.4 1.37824
47.5 1.35715
47.6 1.33513
47.7 1.31205
47.8 1.28777
47.9 1.2621
48 1.23478
48.1 1.20553
48.2 1.17394
48.3 1.13949
48.4 1.10145
48.5 1.05882
48.6 1.01015
48.7 0.953293
48.8 0.884903
48.9 0.799566
49 0.688054
49.1 0.533755
49.2 0.30509
49.3 -0.0601215
49.4 -0.677356
49.5 -1.65359
49.6 -2.32391
49.7 -1.57351
49.8 -2.29397
49.9 -1.59536
50 -2.25404
50.1 -1.63313
50.2 -2.21086
50.3 -1.6715
50.4 -2.16432
50.5 -1.70947
50.6 -2.11455
50.7 -1.7456
50.8 -2.06225
50.9 -1.77776
51 -2.00898
51.1 -1.80333
51.2 -1.95719
51.3 -1.81974
51.4 -1.90979
51.5 -1.82544
51.6 -1.86893
51.7 -1.82073
51.8 -1.83494
51.9 -1.80765
52 -1.80627
52.1 -1.78901
52.2 -1.78065
52.3 -1.76719
52.4 -1.75615
52.5 -1.74369
52.6 -1.73166
52.7 -1.7192
52.8 -1.70667
52.9 -1.69391
53 -1.68097
53.1 -1.66783
53.2 -1.65447
53.3 -1.64088
53.4 -1.62706
53.5 -1.61299
53.6 -1.59865
53.7 -1.58402
53.8 -1.5691
53.9 -1.55385
54 -1.53827
54.1 -1.52231
54.2 -1.50596
54.3 -1.48918
54.4 -1.47194
54.5 -1.45419
54.6 -1.43589
54.7 -1.41699
54.8 -1.39742
54.9 -1.37711
55 -1.35597
55.1 -1.3339
55.2 -1.31076
55.3 -1.28641
55.4 -1.26065
55.5 -1.23324
55.6 -1.20388
55.7 -1.17215
55.8 -1.13751
55.9 -1.09925
56 -1.05634
56.1 -1.00729
56.2 -0.949901
56.3 -0.880752
56.4 -0.794273
56.5 -0.68095
56.6 -0.523601
56.7 -0.28948
56.8 0.0859267
56.9 0.721205
57 1.71294
57.1 2.30646
57.2 1.6081
57.3 2.29046
57.4 1.60093
57.5 2.25221
57.6 1.63513
57.7 2.20914
57.8 1.67306
57.9 2.16253
58 1.71089
58.1 2.11267
58.2 1.74688
58.3 2.06032
58.4 1.77884
58.5 2.00705
58.6 1.80411
58.7 1.95537
58.8 1.82014
58.9 1.90818
59 1.82545
59.1 1.86758
59.2 1.82039
59.3 1.83382
59.4 1.80706
59.5 1.80531
59.6 1.78826
59.7 1.77975
59.8 1.76636
59.9 1.75527
60 1.74282
60.1 1.73076
60.2 1.7183
60.3 1.70575
60.4 1.69298
60.5 1.68003
60.6 1.66687
60.7 1.65349
60.8 1.63989
60.9 1.62605
61 1.61196
61.1 1.5976
61.2 1.58295
61.3 1.56801
61.4 1.55274
61.5 1.53712
61.6 1.52114
61.7 1.50476
61.8 1.48795
61.9 1.47067
62 1.45289
62.1 1.43455
62.2 1.4156
62.3 1.39598
62.4 1.37561
62.5 1.35441
62.6 1.33226
62.7 1.30904
62.8 1.2846
62.9 1.25873
63 1.23119
63.1 1.20166
63.2 1.16974
63.3 1.13488
63.4 1.09632
63.5 1.05301
63.6 1.00344
63.7 0.94534
63.8 0.875157
63.9 0.787117
64 0.67131
64.1 0.509763
64.2 0.268103
64.3 -0.121405
64.4 -0.781336
64.5 -1.79112
64.6 -2.27048
64.7 -1.67719
64.8 -2.27611
64.9 -1.62693
65 -2.24716
65.1 -1.64233
65.2 -2.2058
65.3 -1.67666
65.4 -2.15949
65.5 -1.71353
65.6 -2.10965
65.7 -1.74905
65.8 -2.05727
65.9 -1.78058
66 -2.00407
66.1 -1.80534
66.2 -1.95259
66.3 -1.82077
66.4 -1.90574
66.5 -1.82545
66.6 -1.86554
66.7 -1.81986
66.8 -1.83213
66.9 -1.80615
67 -1.80385
67.1 -1.78712
67.2 -1.77839
67.3 -1.7651
67.4 -1.75393
67.5 -1.7415
67.6 -1.72941
67.7 -1.71693
67.8 -1.70436
67.9 -1.69157
68 -1.67859
68.1 -1.66541
68.2 -1.65201
68.3 -1.63838
68.4 -1.62452
68.5 -1.6104
68.6 -1.59601
68.7 -1.58133
68.8 -1.56635
68.9 -1.55104
69 -1.53539
69.1 -1.51936
69.2 -1.50294
69.3 -1.48608
69.4 -1.46875
69.5 -1.4509
69.6 -1.4325
69.7 -1.41348
69.8 -1.39378
69.9 -1.37333
70 -1.35203
70.1 -1.32977
70.2 -1.30642
70.3 -1.28183
70.4 -1.25579
70.5 -1.22805
70.6 -1.19829
70.7 -1.16607
70.8 -1.13084
70.9 -1.09182
71 -1.04792
71.1 -0.99754
71.2 -0.938315
71.3 -0.866509
71.4 -0.77601
71.5 -0.656268
71.6 -0.488032
71.7 -0.234298
71.8 0.177809
71.9 0.876421
72 1.90652
72.1 2.18904
72.2 1.81964
72.3 2.21152
72.4 1.74159
72.5 2.21177
72.6 1.70161
72.7 2.18723
72.8 1.70388
72.9 2.14759
73 1.72793
73.1 2.10039
73.2 1.75799
73.3 2.04928
73.4 1.78654
73.5 1.99697
73.6 1.80914
73.7 1.94642
73.8 1.82271
73.9 1.90061
74 1.8258
74.1 1.86144
74.2 1.81897
74.3 1.82883
74.4 1.80444
74.5 1.80103
74.6 1.78495
74.7 1.77579
74.8 1.76269
74.9 1.75137
75 1.73896
75.1 1.72681
75.2 1.7143
75.3 1.70169
75.4 1.68886
75.5 1.67584
75.6 1.66262
75.7 1.64917
75.8 1.6355
75.9 1.62158
76 1.6074
76.1 1.59295
76.2 1.57821
76.3 1.56316
76.4 1.54779
76.5 1.53206
76.6 1.51595
76.7 1.49944
76.8 1.48248
76.9 1.46504
77 1.44709
77.1 1.42856
77.2 1.40941
77.3 1.38956
77.4 1.36893
77.5 1.34744
77.6 1.32496
77.7 1.30137
77.8 1.2765
77.9 1.25012
78 1.22199
78.1 1.19175
78.2 1.15895
78.3 1.123
78.4 1.08306
78.5 1.03795
78.6 0.985945
78.7 0.924449
78.8 0.849335
78.9 0.753781
79 0.62587
79.1 0.443614
79.2 0.164355
79.3 -0.295489
79.4 -1.07181
79.5 -2.10732
79.6 -1.96069
79.7 -2.11518
79.8 -1.90885
79.9 -2.12214
80 -1.85858
80.1 -2.12124
80.2 -1.82007
80.3 -2.10718
80.4 -1.80076
80.5 -2.07938
80.6 -1.79968
80.7 -2.04119
80.8 -1.80944
80.9 -1.99713
81 -1.82179
81.1 -1.95156
81.2 -1.83048
81.3 -1.90832
81.4 -1.8319
81.5 -1.87001
81.6 -1.82508
81.7 -1.83736
81.8 -1.81116
81.9 -1.80928
82 -1.79228
82.1 -1.78388
82.2 -1.77048
82.3 -1.75948
82.4 -1.74706
82.5 -1.73508
82.6 -1.72267
82.7 -1.71018
82.8 -1.69748
82.9 -1.6846
83 -1.67151
83.1 -1.65821
83.2 -1.64469
83.3 -1.63094
83.4 -1.61693
83.5 -1.60267
83.6 -1.58813
83.7 -1.57329
83.8 -1.55814
83.9 -1.54265
84 -1.52679
84.1 -1.51056
84.2 -1.4939
84.3 -1.47679
84.4 -1.45919
84.5 -1.44105
84.6 -1.42232
84.7 -1.40295
84.8 -1.38285
84.9 -1.36195
85 -1.34015
85.1 -1.31732
85.2 -1.29333
85.3 -1.26798
85.4 -1.24106
85.5 -1.21228
85.6 -1.18125
85.7 -1.14749
85.8 -1.11033
85.9 -1.06884
86 -1.02168
86.1 -0.966896
86.2 -0.901469
86.3 -0.820559
86.4 -0.716015
86.5 -0.573348
86.6 -0.365329
86.7 -0.0385635
86.8 0.509227
86.9 1.41003
87 2.31299
87.1 1.60071
87.2 2.29704
87.3 1.59378
87.4 2.25865
87.5 1.62904
87.6 2.21598
87.7 1.66714
87.8 2.16985
87.9 1.70517
88 2.12044
88.1 1.74159
88.2 2.06838
88.3 1.77433
88.4 2.01511
88.5 1.80081
88.6 1.963
88.7 1.81838
88.8 1.91496
88.9 1.82534
89 1.87329
89.1 1.82175
89.2 1.83855
89.3 1.8095
89.4 1.80939
89.5 1.79136
89.6 1.78353
89.7 1.76982
89.8 1.75897
89.9 1.74647
90 1.73451
90.1 1.72207
90.2 1.70959
90.3 1.69687
90.4 1.68398
90.5 1.67088
90.6 1.65758
90.7 1.64404
90.8 1.63028
90.9 1.61626
91 1.60199
91.1 1.58743
91.2 1.57258
91.3 1.55741
91.4 1.5419
91.5 1.52603
91.6 1.50978
91.7 1.4931
91.8 1.47597
91.9 1.45834
92 1.44018
92.1 1.42142
92.2 1.40201
92.3 1.38188
92.4 1.36094
92.5 1.33909
92.6 1.31621
92.7 1.29216
92.8 1.26675
92.9 1.23974
93 1.21086
93.1 1.17972
93.2 1.14581
93.3 1.10847
93.4 1.06674
93.5 1.01927
93.6 0.964064
93.7 0.898031
93.8 0.816219
93.9 0.710263
94 0.565251
94.1 0.353094
94.2 0.0186425
94.3 -0.543185
94.4 -1.46108
94.5 -2.32569
94.6 -1.57353
94.7 -2.29768
94.8 -1.59169
94.9 -2.258
95 -1.62946
95.1 -2.21513
95.2 -1.66783
95.3 -2.16891
95.4 -1.7059
95.5 -2.11943
95.6 -1.74228
95.7 -2.06732
95.8 -1.77493
95.9 -2.01404
96 -1.80125
96.1 -1.96199
96.2 -1.81862
96.3 -1.91405
96.4 -1.82537
96.5 -1.87252
96.6 -1.82158
96.7 -1.83792
96.8 -1.80919
96.9 -1.80884
97 -1.79095
97.1 -1.78302
97.2 -1.76936
97.3 -1.75848
97.4 -1.74598
97.5 -1.73401
97.6 -1.72157
97.7 -1.70908
97.8 -1.69636
97.9 -1.68346
98 -1.67035
98.1 -1.65704
98.2 -1.64349
98.3 -1.62972
98.4 -1.61569
98.5 -1.60141
98.6 -1.58684
98.7 -1.57197
98.8 -1.55679
98.9 -1.54127
99 -1.52539
99.1 -1.50911
99.2 -1.49242
99.3 -1.47527
99.4 -1.45762
99.5 -1.43943
99.6 -1.42065
99.7 -1.40121
99.8 -1.38105
99.9 -1.36008
