1 0
1.46667 0.0142857
1.74718 0.0352381
1.70106 0.0601977
1.70115 0.0844985
1.68411 0.108801
1.67231 0.132859
1.65867 0.15675
1.64524 0.180445
1.63148 0.203948
1.61749 0.227255
1.60324 0.250362
1.5887 0.273265
1.57388 0.295961
1.55874 0.318445
1.54326 0.340713
1.52742 0.362759
1.5112 0.38458
1.49456 0.406168
1.47747 0.427519
1.45989 0.448626
1.44177 0.469482
1.42307 0.490078
1.40372 0.510408
1.38365 0.530461
1.36279 0.550228
1.34102 0.569696
1.31824 0.588853
1.2943 0.607686
1.26901 0.626175
1.24215 0.644304
1.21345 0.662049
1.18252 0.679384
1.14888 0.696277
1.11187 0.71269
1.07056 0.728574
1.02366 0.743867
0.969225 0.758491
0.904292 0.772337
0.824115 0.785256
0.720718 0.797029
0.579948 0.807325
0.375271 0.81561
0.0547024 0.820971
-0.481724 0.821752
-1.36807 0.81487
-2.29868 0.795326
-1.6304 0.762488
-2.29417 0.739197
-1.6001 0.706423
-2.25875 0.683564
-1.62942 0.651296
-2.21649 0.628019
-1.66682 0.596355
-2.1705 0.572543
-1.70471 0.541536
-2.12116 0.517183
-1.74112 0.486881
-2.06914 0.462008
-1.77392 0.432448
-2.01588 0.407107
-1.80049 0.378309
-1.96374 0.352587
-1.8182 0.324534
-1.91562 0.298559
-1.82532 0.271194
-1.87384 0.245118
-1.82188 0.218348
-1.83901 0.192322
-1.80973 0.16605
-1.80979 0.140197
-1.79166 0.114343
-1.78389 0.0887474
-1.77015 0.0632633
-1.75932 0.0379755
-1.74682 0.0128423
-1.73487 -0.0121123
-1.72244 -0.0368961
-1.70996 -0.0615023
-1.69725 -0.0859303
-1.68436 -0.110177
-1.67127 -0.134239
-1.65797 -0.158114
-1.64444 -0.1818
-1.63069 -0.205292
-1.61668 -0.228587
-1.60241 -0.251683
-1.58786 -0.274574
-1.57302 -0.297258
-1.55786 -0.319729
-1.54236 -0.341985
-1.5265 -0.364018
-1.51026 -0.385826
-1.49359 -0.407401
-1.47648 -0.428738
-1.45887 -0.44983
-1.44072 -0.470671
-1.42198 -0.491253
-1.40259 -0.511567
-1.38248 -0.531604
-1.36156 -0.551353
-1.33974 -0.570804
-1.3169 -0.589944
-1.29288 -0.608756
-1.26751 -0.627226
-1.24056 -0.645333
-1.21174 -0.663056
-1.18067 -0.680366
-1.14685 -0.697233
-1.10962 -0.713617
-1.06804 -0.729468
-1.02076 -0.744726
-0.965817 -0.759308
-0.900159 -0.773106
-0.818906 -0.785965
-0.713827 -0.797664
-0.57027 -0.807861
-0.360684 -0.816008
-0.0310081 -0.821161
0.522106 -0.821604
1.42949 -0.814145
2.31845 -0.793724
1.58913 -0.760603
2.29756 -0.737901
1.59245 -0.705079
2.25845 -0.682329
1.62912 -0.650066
2.21568 -0.626793
1.66738 -0.59514
2.16951 -0.57132
1.70543 -0.540327
2.12007 -0.515964
1.74184 -0.485677
2.06799 -0.460794
1.77455 -0.431251
2.01472 -0.4059
1.80097 -0.377119
1.96263 -0.351391
1.81847 -0.323353
1.91463 -0.297375
1.82535 -0.270023
1.873 -0.243947
1.82169 -0.217189
1.83832 -0.191165
1.80939 -0.164904
1.80919 -0.139055
1.79121 -0.11321
1.78334 -0.087621
1.76965 -0.0621447
1.75879 -0.036864
1.74629 -0.0117384
1.73433 0.0132086
1.72189 0.0379846
1.7094 0.062583
1.69668 0.0870031
1.68379 0.111241
1.67069 0.135296
1.65738 0.159163
1.64384 0.182839
1.63007 0.206323
1.61605 0.22961
1.60177 0.252696
1.58721 0.275579
1.57236 0.298253
1.55718 0.320715
1.54167 0.342961
1.5258 0.364985
1.50953 0.386782
1.49285 0.408346
1.47571 0.429673
1.45808 0.450754
1.4399 0.471584
1.42114 0.492154
1.40172 0.512456
1.38157 0.532481
1.36062 0.552217
1.33876 0.571655
1.31587 0.59078
1.29179 0.609578
1.26636 0.628032
1.23933 0.646123
1.21042 0.663828
1.17924 0.681119
1.14529 0.697966
1.10789 0.714327
1.06608 0.730154
1.01852 0.745384
0.963176 0.759934
0.896951 0.773694
0.814854 0.786507
0.708451 0.798148
0.562696 0.808269
0.349223 0.816307
0.0123267 0.821296
-0.553952 0.821472
-1.47709 0.813559
-2.32858 0.792457
-1.56719 0.759192
-2.29752 0.736804
-1.59175 0.703982
-2.25774 0.681243
-1.6297 0.648989
-2.21483 0.625708
-1.66808 0.594067
-2.16858 0.570238
-1.70615 0.539258
-2.11908 0.514884
-1.74251 0.484612
-2.06696 0.459719
-1.77513 0.430191
-2.01368 0.404831
-1.8014 0.376065
-1.96165 0.35033
-1.81871 0.322307
-1.91375 0.296325
-1.82537 0.268986
-1.87226 0.242909
-1.82152 0.216163
-1.8377 0.190141
-1.80908 0.163888
-1.80866 0.138044
-1.79082 0.112206
-1.78285 0.0866228
-1.76921 0.0611535
-1.75831 0.0358791
-1.74582 0.0107604
-1.73384 -0.0141799
-1.7214 -0.0389491
-1.70891 -0.0635406
-1.69618 -0.0879536
-1.68328 -0.112185
-1.67017 -0.136232
-1.65685 -0.160091
-1.64331 -0.183761
-1.62953 -0.207236
-1.6155 -0.230515
-1.60121 -0.253594
-1.58664 -0.276468
-1.57177 -0.299135
-1.55658 -0.321589
-1.54106 -0.343825
-1.52517 -0.365841
-1.50889 -0.387629
-1.49219 -0.409184
-1.47503 -0.430501
-1.45738 -0.451573
-1.43918 -0.472393
-1.42039 -0.492952
-1.40095 -0.513244
-1.38077 -0.533257
-1.35979 -0.552983
-1.33789 -0.572408
-1.31495 -0.591521
-1.29083 -0.610306
-1.26533 -0.628746
-1.23824 -0.646822
-1.20924 -0.664511
-1.17797 -0.681786
-1.1439 -0.698614
-1.10634 -0.714956
-1.06434 -0.730761
-1.01652 -0.745966
-0.960817 -0.760487
-0.894082 -0.774213
-0.811224 -0.786986
-0.703624 -0.798575
-0.555876 -0.808627
-0.338873 -0.816568
0.00459411 -0.821409
0.582796 -0.821343
1.51951 -0.813017
2.33365 -0.79131
1.55572 -0.757972
2.29675 -0.735748
1.59256 -0.702937
2.25695 -0.680186
1.63044 -0.647944
2.21398 -0.624652
1.66882 -0.593024
2.16767 -0.569184
1.70686 -0.538217
2.11811 -0.513833
1.74318 -0.483574
2.06595 -0.458672
1.7757 -0.429158
2.01267 -0.403791
1.80182 -0.375039
1.96069 -0.349298
1.81894 -0.321289
1.91289 -0.295304
1.8254 -0.267977
1.87154 -0.2419
1.82136 -0.215163
1.83711 -0.189144
1.80878 -0.1629
1.80815 -0.13706
1.79043 -0.111229
1.78238 -0.0856516
1.76877 -0.060189
1.75785 -0.0349208
1.74537 -0.00980871
1.73338 0.0151251
1.72093 0.0398876
1.70843 0.0644723
1.6957 0.0888784
1.68279 0.113103
1.66967 0.137142
1.65634 0.160995
1.64279 0.184657
1.629 0.208125
1.61496 0.231397
1.60066 0.254468
1.58608 0.277334
1.5712 0.299993
1.556 0.322438
1.54046 0.344667
1.52456 0.366673
1.50826 0.388453
1.49154 0.409999
1.47437 0.431307
1.4567 0.452369
1.43848 0.473179
1.41966 0.493729
1.40019 0.51401
1.37999 0.534013
1.35897 0.553727
1.33703 0.573141
1.31405 0.592241
1.28988 0.611013
1.26433 0.62944
1.23717 0.647502
1.2081 0.665176
1.17673 0.682435
1.14254 0.699245
1.10484 0.715567
1.06264 0.73135
1.01456 0.746531
0.958506 0.761025
0.891267 0.774718
0.807655 0.78745
0.698869 0.798988
0.54914 0.808972
0.328619 0.816817
-0.0213998 0.821511
-0.611435 0.821206
-1.56095 0.812471
-2.33489 0.790172
-1.55229 0.756816
-2.2959 0.73464
-1.59346 0.701842
-2.25611 0.679078
-1.63122 0.646848
-2.21309 0.623545
-1.66959 0.591929
-2.16671 0.568078
-1.70761 0.537125
-2.11709 0.51273
-1.74387 0.482486
-2.06489 0.457574
-1.77629 0.428075
-2.01161 0.4027
-1.80226 0.373962
-1.95968 0.348216
-1.81917 0.32022
-1.912 0.294232
-1.82541 0.266918
-1.87079 0.24084
-1.82118 0.214115
-1.83648 0.188098
-1.80846 0.161863
-1.80761 0.136027
-1.79002 0.110204
-1.78188 0.0846327
-1.76832 0.0591772
-1.75736 0.0339155
-1.74489 0.00881031
-1.73288 -0.0161167
-1.72044 -0.0408721
-1.70792 -0.0654498
-1.69518 -0.0898487
-1.68227 -0.114066
-1.66914 -0.138098
-1.65581 -0.161943
-1.64224 -0.185597
-1.62845 -0.209058
-1.6144 -0.232321
-1.60008 -0.255384
-1.58549 -0.278243
-1.5706 -0.300892
-1.55538 -0.32333
-1.53983 -0.345549
-1.52391 -0.367547
-1.5076 -0.389317
-1.49087 -0.410854
-1.47367 -0.432152
-1.45598 -0.453205
-1.43774 -0.474005
-1.4189 -0.494544
-1.3994 -0.514814
-1.37917 -0.534805
-1.35811 -0.554507
-1.33614 -0.573909
-1.31311 -0.592997
-1.28889 -0.611756
-1.26328 -0.630168
-1.23605 -0.648215
-1.20689 -0.665873
-1.17542 -0.683114
-1.14111 -0.699906
-1.10325 -0.716208
-1.06085 -0.731968
-1.01249 -0.747123
-0.956063 -0.761587
-0.888287 -0.775245
-0.803872 -0.787935
-0.693818 -0.799419
-0.541965 -0.809331
-0.317665 -0.817073
0.0394009 -0.821611
0.642095 -0.821048
1.60453 -0.811876
2.33214 -0.788954
1.55725 -0.755638
2.29512 -0.733391
1.59415 -0.700604
2.25519 -0.67783
1.63206 -0.645613
2.21209 -0.622298
1.67045 -0.590697
2.16563 -0.566833
1.70845 -0.535896
2.11595 -0.511489
1.74465 -0.481261
2.0637 -0.456338
1.77696 -0.426856
2.01042 -0.401471
1.80275 -0.372751
1.95856 -0.346997
1.81943 -0.319018
1.911 -0.293026
1.82543 -0.265726
1.86995 -0.239649
1.82098 -0.212935
1.83578 -0.186921
1.8081 -0.160696
1.807 -0.134866
1.78957 -0.109051
1.78133 -0.0834861
1.76781 -0.0580386
1.75681 -0.0327842
1.74435 -0.00768686
1.73233 0.0172324
1.71988 0.04198
1.70736 0.0665496
1.69461 0.0909404
1.68168 0.115149
1.66855 0.139173
1.6552 0.16301
1.64163 0.186655
1.62782 0.210107
1.61376 0.233362
1.59943 0.256415
1.58483 0.279264
1.56992 0.301905
1.55469 0.324332
1.53912 0.346542
1.52319 0.36853
1.50686 0.39029
1.49011 0.411816
1.47289 0.433103
1.45517 0.454145
1.43691 0.474933
1.41804 0.49546
1.39851 0.515718
1.37824 0.535696
1.35715 0.555386
1.33513 0.574773
1.31205 0.593847
1.28777 0.61259
1.2621 0.630987
1.23478 0.649017
1.20553 0.666657
1.17394 0.683879
1.13949 0.700649
1.10145 0.716928
1.05882 0.732663
1.01015 0.747789
0.953293 0.762219
0.884903 0.775838
0.799566 0.788479
0.688054 0.799902
0.533755 0.809731
0.30509 0.817356
-0.0601215 0.821714
-0.677356 0.820856
-1.65359 0.811179
-2.32391 0.787556
-1.57351 0.754358
-2.29397 0.731879
-1.59536 0.699108
-2.25404 0.676317
-1.63313 0.644116
-2.21086 0.620786
-1.6715 0.589202
-2.16432 0.565324
-1.70947 0.534405
-2.11455 0.509984
-1.7456 0.479776
-2.06225 0.454839
-1.77776 0.425378
-2.00898 0.399981
-1.80333 0.371282
-1.95719 0.34552
-1.81974 0.31756
-1.90979 0.291564
-1.82544 0.264281
-1.86893 0.238203
-1.82073 0.211504
-1.83494 0.185494
-1.80765 0.159281
-1.80627 0.133457
-1.78901 0.107653
-1.78065 0.0820959
-1.76719 0.056658
-1.75615 0.0314125
-1.74369 0.00632461
-1.73166 -0.0185853
-1.7192 -0.0433232
-1.70667 -0.0678832
-1.69391 -0.0922642
-1.68097 -0.116463
-1.66783 -0.140477
-1.65447 -0.164303
-1.64088 -0.187938
-1.62706 -0.211379
-1.61299 -0.234623
-1.59865 -0.257666
-1.58402 -0.280503
-1.5691 -0.303132
-1.55385 -0.325548
-1.53827 -0.347746
-1.52231 -0.369721
-1.50596 -0.391469
-1.48918 -0.412982
-1.47194 -0.434256
-1.45419 -0.455284
-1.43589 -0.476058
-1.41699 -0.496571
-1.39742 -0.516814
-1.37711 -0.536777
-1.35597 -0.55645
-1.3339 -0.575821
-1.31076 -0.594876
-1.28641 -0.613602
-1.26065 -0.631979
-1.23324 -0.649988
-1.20388 -0.667606
-1.17215 -0.684804
-1.13751 -0.701549
-1.09925 -0.717799
-1.05634 -0.733503
-1.00729 -0.748594
-0.949901 -0.762983
-0.880752 -0.776553
-0.794273 -0.789136
-0.68095 -0.800482
-0.523601 -0.81021
-0.28948 -0.81769
0.0859267 -0.821826
0.721205 -0.820598
1.71294 -0.810295
2.30646 -0.785825
1.6081 -0.752875
2.29046 -0.729902
1.60093 -0.697181
2.25221 -0.674311
1.63513 -0.642137
2.20914 -0.618778
1.67306 -0.587219
2.16253 -0.563318
1.71089 -0.532425
2.11267 -0.507983
1.74688 -0.477802
2.06032 -0.452847
1.77884 -0.423414
2.00705 -0.398002
1.80411 -0.36933
1.95537 -0.343557
1.82014 -0.315623
1.90818 -0.289621
1.82545 -0.262361
1.86758 -0.236283
1.82039 -0.209603
1.83382 -0.183598
1.80706 -0.157401
1.80531 -0.131585
1.78826 -0.105795
1.77975 -0.0802488
1.76636 -0.0548237
1.75527 -0.02959
1.74282 -0.00451477
1.73076 0.0203827
1.7183 0.0451078
1.70575 0.0696549
1.69298 0.0940228
1.68003 0.118208
1.66687 0.142209
1.65349 0.166021
1.63989 0.189642
1.62605 0.213069
1.61196 0.236299
1.5976 0.259327
1.58295 0.282149
1.56801 0.304763
1.55274 0.327163
1.53712 0.349345
1.52114 0.371304
1.50476 0.393034
1.48795 0.414531
1.47067 0.435787
1.45289 0.456797
1.43455 0.477552
1.4156 0.498046
1.39598 0.518269
1.37561 0.538211
1.35441 0.557863
1.33226 0.577212
1.30904 0.596244
1.2846 0.614944
1.25873 0.633296
1.23119 0.651278
1.20166 0.668866
1.16974 0.686033
1.13488 0.702743
1.09632 0.718956
1.05301 0.734617
1.00344 0.74966
0.94534 0.763995
0.875157 0.7775
0.787117 0.790002
0.67131 0.801247
0.509763 0.810837
0.268103 0.818119
-0.121405 0.82195
-0.781336 0.820215
-1.79112 0.809053
-2.27048 0.783466
-1.67719 0.75103
-2.27611 0.72707
-1.62693 0.694555
-2.24716 0.671313
-1.64233 0.639211
-2.2058 0.615749
-1.67666 0.584237
-2.15949 0.560285
-1.71353 0.529435
-2.10965 0.504956
-1.74905 0.474818
-2.05727 0.449832
-1.78058 0.420442
-2.00407 0.395005
-1.80534 0.366376
-1.95259 0.340585
-1.82077 0.312691
-1.90574 0.28668
-1.82545 0.259455
-1.86554 0.233377
-1.81986 0.206727
-1.83213 0.180729
-1.80615 0.154556
-1.80385 0.128753
-1.78712 0.102984
-1.77839 0.0774538
-1.7651 0.0520482
-1.75393 0.0268324
-1.7415 0.00177627
-1.72941 -0.0231023
-1.71693 -0.0478081
-1.70436 -0.0723356
-1.69157 -0.0966836
-1.67859 -0.120849
-1.66541 -0.144829
-1.65201 -0.16862
-1.63838 -0.192221
-1.62452 -0.215626
-1.6104 -0.238833
-1.59601 -0.261839
-1.58133 -0.284639
-1.56635 -0.30723
-1.55104 -0.329606
-1.53539 -0.351764
-1.51936 -0.373698
-1.50294 -0.395403
-1.48608 -0.416874
-1.46875 -0.438103
-1.4509 -0.459085
-1.4325 -0.479812
-1.41348 -0.500277
-1.39378 -0.520469
-1.37333 -0.540381
-1.35203 -0.559999
-1.32977 -0.579314
-1.30642 -0.598311
-1.28183 -0.616974
-1.25579 -0.635286
-1.22805 -0.653226
-1.19829 -0.670769
-1.16607 -0.687888
-1.13084 -0.704546
-1.09182 -0.720701
-1.04792 -0.736298
-0.99754 -0.751269
-0.938315 -0.765519
-0.866509 -0.778924
-0.77601 -0.791302
-0.656268 -0.802388
-0.488032 -0.811764
-0.234298 -0.818735
0.177809 -0.822083
0.876421 -0.819542
1.90652 -0.807022
2.18904 -0.779786
1.81964 -0.748514
2.21152 -0.722519
1.74159 -0.690926
2.21177 -0.666046
1.70161 -0.63445
2.18723 -0.610141
1.70388 -0.578895
2.14759 -0.554554
1.72793 -0.523874
2.10039 -0.499189
1.75799 -0.469184
2.04928 -0.44407
1.78654 -0.414794
1.99697 -0.389272
1.80914 -0.360744
1.94642 -0.334899
1.82271 -0.307093
1.90061 -0.281054
1.8258 -0.253903
1.86144 -0.22782
1.81897 -0.201228
1.82883 -0.175243
1.80444 -0.149116
1.80103 -0.123339
1.78495 -0.0976096
1.77579 -0.0721104
1.76269 -0.0467419
1.75137 -0.0215606
1.73896 0.00345896
1.72681 0.0283013
1.7143 0.0529699
1.70169 0.07746
1.68886 0.10177
1.67584 0.125896
1.66262 0.149837
1.64917 0.173589
1.6355 0.197148
1.62158 0.220513
1.6074 0.243678
1.59295 0.266641
1.57821 0.289397
1.56316 0.311943
1.54779 0.334274
1.53206 0.356385
1.51595 0.378272
1.49944 0.399928
1.48248 0.421349
1.46504 0.442527
1.44709 0.463456
1.42856 0.484129
1.40941 0.504537
1.38956 0.524671
1.36893 0.544522
1.34744 0.564078
1.32496 0.583327
1.30137 0.602255
1.2765 0.620847
1.25012 0.639082
1.22199 0.656941
1.19175 0.674398
1.15895 0.691423
1.123 0.70798
1.08306 0.724022
1.03795 0.739495
0.985945 0.754322
0.924449 0.768407
0.849335 0.781614
0.753781 0.793747
0.62587 0.804515
0.443614 0.813456
0.164355 0.819794
-0.295489 0.822142
-1.07181 0.81792
-2.10732 0.802609
-1.96069 0.772504
-2.11518 0.744494
-1.90885 0.714278
-2.12214 0.687008
-1.85858 0.656692
-2.12124 0.630141
-1.82007 0.599837
-2.10718 0.573836
-1.80076 0.543734
-2.07938 0.518009
-1.79968 0.488303
-2.04119 0.462594
-1.80944 0.433434
-1.99713 0.407584
-1.82179 0.379054
-1.95156 0.353029
-1.83048 0.325149
-1.90832 0.298999
-1.8319 0.271738
-1.87001 0.245568
-1.82508 0.218853
-1.83736 0.192781
-1.81116 0.166533
-1.80928 0.140659
-1.79228 0.114812
-1.78388 0.0892083
-1.77048 0.0637244
-1.75948 0.0384318
-1.74706 0.0132964
-1.73508 -0.0116617
-1.72267 -0.0364485
-1.71018 -0.061058
-1.69748 -0.0854892
-1.6846 -0.109739
-1.67151 -0.133805
-1.65821 -0.157683
-1.64469 -0.181372
-1.63094 -0.204868
-1.61693 -0.228167
-1.60267 -0.251266
-1.58813 -0.274161
-1.57329 -0.296849
-1.55814 -0.319324
-1.54265 -0.341583
-1.52679 -0.363621
-1.51056 -0.385432
-1.4939 -0.407012
-1.47679 -0.428353
-1.45919 -0.44945
-1.44105 -0.470296
-1.42232 -0.490882
-1.40295 -0.511201
-1.38285 -0.531243
-1.36195 -0.550998
-1.34015 -0.570455
-1.31732 -0.5896
-1.29333 -0.608419
-1.26798 -0.626895
-1.24106 -0.645009
-1.21228 -0.662738
-1.18125 -0.680056
-1.14749 -0.696931
-1.11033 -0.713324
-1.06884 -0.729186
-1.02168 -0.744455
-0.966896 -0.759051
-0.901469 -0.772863
-0.820559 -0.785742
-0.716015 -0.797464
-0.573348 -0.807693
-0.365329 -0.815883
-0.0385635 -0.821102
0.509227 -0.821653
1.41003 -0.814378
2.31299 -0.794235
1.60071 -0.761192
2.29704 -0.738325
1.59378 -0.70551
2.25865 -0.682742
1.62904 -0.650476
2.21598 -0.627204
1.66714 -0.595547
2.16985 -0.571731
1.70517 -0.540733
2.12044 -0.516373
1.74159 -0.486081
2.06838 -0.461201
1.77433 -0.431653
2.01511 -0.406305
1.80081 -0.377518
1.963 -0.351792
1.81838 -0.323749
1.91496 -0.297772
1.82534 -0.270416
1.87329 -0.24434
1.82175 -0.217578
1.83855 -0.191553
1.8095 -0.165288
1.80939 -0.139438
1.79136 -0.11359
1.78353 -0.0879989
1.76982 -0.0625199
1.75897 -0.0372369
1.74647 -0.0121088
1.73451 0.0128408
1.72207 0.0376195
1.70959 0.0622205
1.69687 0.0866432
1.68398 0.110884
1.67088 0.134941
1.65758 0.158811
1.64404 0.182491
1.63028 0.205977
1.61626 0.229267
1.60199 0.252356
1.58743 0.275242
1.57258 0.297919
1.55741 0.320385
1.5419 0.342633
1.52603 0.36466
1.50978 0.386461
1.4931 0.408029
1.47597 0.429359
1.45834 0.450444
1.44018 0.471278
1.42142 0.491852
1.40201 0.512158
1.38188 0.532186
1.36094 0.551928
1.33909 0.57137
1.31621 0.590499
1.29216 0.609302
1.26675 0.627762
1.23974 0.645858
1.21086 0.663569
1.17972 0.680867
1.14581 0.69772
1.10847 0.714089
1.06674 0.729924
1.01927 0.745163
0.964064 0.759724
0.898031 0.773497
0.816219 0.786326
0.710263 0.797986
0.565251 0.808132
0.353094 0.816207
0.0186425 0.821252
-0.543185 0.821518
-1.46108 0.813758
-2.32569 0.792886
-1.57353 0.759661
-2.29768 0.737182
-1.59169 0.704358
-2.258 0.68162
-1.62946 0.649363
-2.21513 0.626085
-1.66783 0.59444
-2.16891 0.570614
-1.7059 0.539629
-2.11943 0.515259
-1.74228 0.484982
-2.06732 0.460092
-1.77493 0.430559
-2.01404 0.405203
-1.80125 0.376431
-1.96199 0.350699
-1.81862 0.32267
-1.91405 0.29669
-1.82537 0.269346
-1.87252 0.24327
-1.82158 0.216519
-1.83792 0.190497
-1.80919 0.164241
-1.80884 0.138395
-1.79095 0.112555
-1.78302 0.0869697
-1.76936 0.0614979
-1.75848 0.0362214
-1.74598 0.0111003
-1.73401 -0.0138424
-1.72157 -0.038614
-1.70908 -0.0632078
-1.69636 -0.0876233
-1.68346 -0.111857
-1.67035 -0.135906
-1.65704 -0.159769
-1.64349 -0.18344
-1.62972 -0.206919
-1.61569 -0.230201
-1.60141 -0.253282
-1.58684 -0.276159
-1.57197 -0.298828
-1.55679 -0.321285
-1.54127 -0.343525
-1.52539 -0.365543
-1.50911 -0.387334
-1.49242 -0.408893
-1.47527 -0.430213
-1.45762 -0.451289
-1.43943 -0.472112
-1.42065 -0.492675
-1.40121 -0.51297
-1.38105 -0.532987
-1.36008 -0.552717
