0 0
0.1 0.0142857
0.2 0.0352381
0.3 0.0601977
0.4 0.0844985
0.5 0.108801
0.6 0.132859
0.7 0.15675
0.8 0.180445
0.9 0.203948
1 0.227255
1.1 0.250362
1.2 0.273265
1.3 0.295961
1.4 0.318445
1.5 0.340713
1.6 0.362759
1.7 0.38458
1.8 0.406168
1.9 0.427519
2 0.448626
2.1 0.469482
2.2 0.490078
2.3 0.510408
2.4 0.530461
2.5 0.550228
2.6 0.569696
2.7 0.588853
2.8 0.607686
2.9 0.626175
3 0.644304
3.1 0.662049
3.2 0.679384
3.3 0.696277
3.4 0.71269
3.5 0.728574
3.6 0.743867
3.7 0.758491
3.8 0.772337
3.9 0.785256
4 0.797029
4.1 0.807325
4.2 0.81561
4.3 0.820971
4.4 0.821752
4.5 0.81487
4.6 0.795326
4.7 0.762488
4.8 0.739197
4.9 0.706423
5 0.683564
5.1 0.651296
5.2 0.628019
5.3 0.596355
5.4 0.572543
5.5 0.541536
5.6 0.517183
5.7 0.486881
5.8 0.462008
5.9 0.432448
6 0.407107
6.1 0.378309
6.2 0.352587
6.3 0.324534
6.4 0.298559
6.5 0.271194
6.6 0.245118
6.7 0.218348
6.8 0.192322
6.9 0.16605
7 0.140197
7.1 0.114343
7.2 0.0887474
7.3 0.0632633
7.4 0.0379755
7.5 0.0128423
7.6 -0.0121123
7.7 -0.0368961
7.8 -0.0615023
7.9 -0.0859303
8 -0.110177
8.1 -0.134239
8.2 -0.158114
8.3 -0.1818
8.4 -0.205292
8.5 -0.228587
8.6 -0.251683
8.7 -0.274574
8.8 -0.297258
8.9 -0.319729
9 -0.341985
9.1 -0.364018
9.2 -0.385826
9.3 -0.407401
9.4 -0.428738
9.5 -0.44983
9.6 -0.470671
9.7 -0.491253
9.8 -0.511567
9.9 -0.531604
10 -0.551353
10.1 -0.570804
10.2 -0.589944
10.3 -0.608756
10.4 -0.627226
10.5 -0.645333
10.6 -0.663056
10.7 -0.680366
10.8 -0.697233
10.9 -0.713617
11 -0.729468
11.1 -0.744726
11.2 -0.759308
11.3 -0.773106
11.4 -0.785965
11.5 -0.797664
11.6 -0.807861
11.7 -0.816008
11.8 -0.821161
11.9 -0.821604
12 -0.814145
12.1 -0.793724
12.2 -0.760603
12.3 -0.737901
12.4 -0.705079
12.5 -0.682329
12.6 -0.650066
12.7 -0.626793
12.8 -0.59514
12.9 -0.57132
13 -0.540327
13.1 -0.515964
13.2 -0.485677
13.3 -0.460794
13.4 -0.431251
13.5 -0.4059
13.6 -0.377119
13.7 -0.351391
13.8 -0.323353
13.9 -0.297375
14 -0.270023
14.1 -0.243947
14.2 -0.217189
14.3 -0.191165
14.4 -0.164904
14.5 -0.139055
14.6 -0.11321
14.7 -0.087621
14.8 -0.0621447
14.9 -0.036864
15 -0.0117384
15.1 0.0132086
15.2 0.0379846
15.3 0.062583
15.4 0.0870031
15.5 0.111241
15.6 0.135296
15.7 0.159163
15.8 0.182839
15.9 0.206323
16 0.22961
16.1 0.252696
16.2 0.275579
16.3 0.298253
16.4 0.320715
16.5 0.342961
16.6 0.364985
16.7 0.386782
16.8 0.408346
16.9 0.429673
17 0.450754
17.1 0.471584
17.2 0.492154
17.3 0.512456
17.4 0.532481
17.5 0.552217
17.6 0.571655
17.7 0.59078
17.8 0.609578
17.9 0.628032
18 0.646123
18.1 0.663828
18.2 0.681119
18.3 0.697966
18.4 0.714327
18.5 0.730154
18.6 0.745384
18.7 0.759934
18.8 0.773694
18.9 0.786507
19 0.798148
19.1 0.808269
19.2 0.816307
19.3 0.821296
19.4 0.821472
19.5 0.813559
19.6 0.792457
19.7 0.759192
19.8 0.736804
19.9 0.703982
20 0.681243
20.1 0.648989
20.2 0.625708
20.3 0.594067
20.4 0.570238
20.5 0.539258
20.6 0.514884
20.7 0.484612
20.8 0.459719
20.9 0.430191
21 0.404831
21.1 0.376065
21.2 0.35033
21.3 0.322307
21.4 0.296325
21.5 0.268986
21.6 0.242909
21.7 0.216163
21.8 0.190141
21.9 0.163888
22 0.138044
22.1 0.112206
22.2 0.0866228
22.3 0.0611535
22.4 0.0358791
22.5 0.0107604
22.6 -0.0141799
22.7 -0.0389491
22.8 -0.0635406
22.9 -0.0879536
23 -0.112185
23.1 -0.136232
23.2 -0.160091
23.3 -0.183761
23.4 -0.207236
23.5 -0.230515
23.6 -0.253594
23.7 -0.276468
23.8 -0.299135
23.9 -0.321589
24 -0.343825
24.1 -0.365841
24.2 -0.387629
24.3 -0.409184
24.4 -0.430501
24.5 -0.451573
24.6 -0.472393
24.7 -0.492952
24.8 -0.513244
24.9 -0.533257
25 -0.552983
25.1 -0.572408
25.2 -0.591521
25.3 -0.610306
25.4 -0.628746
25.5 -0.646822
25.6 -0.664511
25.7 -0.681786
25.8 -0.698614
25.9 -0.714956
26 -0.730761
26.1 -0.745966
26.2 -0.760487
26.3 -0.774213
26.4 -0.786986
26.5 -0.798575
26.6 -0.808627
26.7 -0.816568
26.8 -0.821409
26.9 -0.821343
27 -0.813017
27.1 -0.79131
27.2 -0.757972
27.3 -0.735748
27.4 -0.702937
27.5 -0.680186
27.6 -0.647944
27.7 -0.624652
27.8 -0.593024
27.9 -0.569184
28 -0.538217
28.1 -0.513833
28.2 -0.483574
28.3 -0.458672
28.4 -0.429158
28.5 -0.403791
28.6 -0.375039
28.7 -0.349298
28.8 -0.321289
28.9 -0.295304
29 -0.267977
29.1 -0.2419
29.2 -0.215163
29.3 -0.189144
29.4 -0.1629
29.5 -0.13706
29.6 -0.111229
29.7 -0.0856516
29.8 -0.060189
29.9 -0.0349208
30 -0.00980871
30.1 0.0151251
30.2 0.0398876
30.3 0.0644723
30.4 0.0888784
30.5 0.113103
30.6 0.137142
30.7 0.160995
30.8 0.184657
30.9 0.208125
31 0.231397
31.1 0.254468
31.2 0.277334
31.3 0.299993
31.4 0.322438
31.5 0.344667
31.6 0.366673
31.7 0.388453
31.8 0.409999
31.9 0.431307
32 0.452369
32.1 0.473179
32.2 0.493729
32.3 0.51401
32.4 0.534013
32.5 0.553727
32.6 0.573141
32.7 0.592241
32.8 0.611013
32.9 0.62944
33 0.647502
33.1 0.665176
33.2 0.682435
33.3 0.699245
33.4 0.715567
33.5 0.73135
33.6 0.746531
33.7 0.761025
33.8 0.774718
33.9 0.78745
34 0.798988
34.1 0.808972
34.2 0.816817
34.3 0.821511
34.4 0.821206
34.5 0.812471
34.6 0.790172
34.7 0.756816
34.8 0.73464
34.9 0.701842
35 0.679078
35.1 0.646848
35.2 0.623545
35.3 0.591929
35.4 0.568078
35.5 0.537125
35.6 0.51273
35.7 0.482486
35.8 0.457574
35.9 0.428075
36 0.4027
36.1 0.373962
36.2 0.348216
36.3 0.32022
36.4 0.294232
36.5 0.266918
36.6 0.24084
36.7 0.214115
36.8 0.188098
36.9 0.161863
37 0.136027
37.1 0.110204
37.2 0.0846327
37.3 0.0591772
37.4 0.0339155
37.5 0.00881031
37.6 -0.0161167
37.7 -0.0408721
37.8 -0.0654498
37.9 -0.0898487
38 -0.114066
38.1 -0.138098
38.2 -0.161943
38.3 -0.185597
38.4 -0.209058
38.5 -0.232321
38.6 -0.255384
38.7 -0.278243
38.8 -0.300892
38.9 -0.32333
39 -0.345549
39.1 -0.367547
39.2 -0.389317
39.3 -0.410854
39.4 -0.432152
39.5 -0.453205
39.6 -0.474005
39.7 -0.494544
39.8 -0.514814
39.9 -0.534805
40 -0.554507
40.1 -0.573909
40.2 -0.592997
40.3 -0.611756
40.4 -0.630168
40.5 -0.648215
40.6 -0.665873
40.7 -0.683114
40.8 -0.699906
40.9 -0.716208
41 -0.731968
41.1 -0.747123
41.2 -0.761587
41.3 -0.775245
41.4 -0.787935
41.5 -0.799419
41.6 -0.809331
41.7 -0.817073
41.8 -0.821611
41.9 -0.821048
42 -0.811876
42.1 -0.788954
42.2 -0.755638
42.3 -0.733391
42.4 -0.700604
42.5 -0.67783
42.6 -0.645613
42.7 -0.622298
42.8 -0.590697
42.9 -0.566833
43 -0.535896
43.1 -0.511489
43.2 -0.481261
43.3 -0.456338
43.4 -0.426856
43.5 -0.401471
43.6 -0.372751
43.7 -0.346997
43.8 -0.319018
43.9 -0.293026
44 -0.265726
44.1 -0.239649
44.2 -0.212935
44.3 -0.186921
44.4 -0.160696
44.5 -0.134866
44.6 -0.109051
44.7 -0.0834861
44.8 -0.0580386
44.9 -0.0327842
45 -0.00768686
45.1 0.0172324
45.2 0.04198
45.3 0.0665496
45.4 0.0909404
45.5 0.115149
45.6 0.139173
45.7 0.16301
45.8 0.186655
45.9 0.210107
46 0.233362
46.1 0.256415
46.2 0.279264
46.3 0.301905
46.4 0.324332
46.5 0.346542
46.6 0.36853
46.7 0.39029
46.8 0.411816
46.9 0.433103
47 0.454145
47.1 0.474933
47.2 0.49546
47.3 0.515718
47.4 0.535696
47.5 0.555386
47.6 0.574773
47.7 0.593847
47.8 0.61259
47.9 0.630987
48 0.649017
48.1 0.666657
48.2 0.683879
48.3 0.700649
48.4 0.716928
48.5 0.732663
48.6 0.747789
48.7 0.762219
48.8 0.775838
48.9 0.788479
49 0.799902
49.1 0.809731
49.2 0.817356
49.3 0.821714
49.4 0.820856
49.5 0.811179
49.6 0.787556
49.7 0.754358
49.8 0.731879
49.9 0.699108
50 0.676317
50.1 0.644116
50.2 0.620786
50.3 0.589202
50.4 0.565324
50.5 0.534405
50.6 0.509984
50.7 0.479776
50.8 0.454839
50.9 0.425378
51 0.399981
51.1 0.371282
51.2 0.34552
51.3 0.31756
51.4 0.291564
51.5 0.264281
51.6 0.238203
51.7 0.211504
51.8 0.185494
51.9 0.159281
52 0.133457
52.1 0.107653
52.2 0.0820959
52.3 0.056658
52.4 0.0314125
52.5 0.00632461
52.6 -0.0185853
52.7 -0.0433232
52.8 -0.0678832
52.9 -0.0922642
53 -0.116463
53.1 -0.140477
53.2 -0.164303
53.3 -0.187938
53.4 -0.211379
53.5 -0.234623
53.6 -0.257666
53.7 -0.280503
53.8 -0.303132
53.9 -0.325548
54 -0.347746
54.1 -0.369721
54.2 -0.391469
54.3 -0.412982
54.4 -0.434256
54.5 -0.455284
54.6 -0.476058
54.7 -0.496571
54.8 -0.516814
54.9 -0.536777
55 -0.55645
55.1 -0.575821
55.2 -0.594876
55.3 -0.613602
55.4 -0.631979
55.5 -0.649988
55.6 -0.667606
55.7 -0.684804
55.8 -0.701549
55.9 -0.717799
56 -0.733503
56.1 -0.748594
56.2 -0.762983
56.3 -0.776553
56.4 -0.789136
56.5 -0.800482
56.6 -0.81021
56.7 -0.81769
56.8 -0.821826
56.9 -0.820598
57 -0.810295
57.1 -0.785825
57.2 -0.752875
57.3 -0.729902
57.4 -0.697181
57.5 -0.674311
57.6 -0.642137
57.7 -0.618778
57.8 -0.587219
57.9 -0.563318
58 -0.532425
58.1 -0.507983
58.2 -0.477802
58.3 -0.452847
58.4 -0.423414
58.5 -0.398002
58.6 -0.36933
58.7 -0.343557
58.8 -0.315623
58.9 -0.289621
59 -0.262361
59.1 -0.236283
59.2 -0.209603
59.3 -0.183598
59.4 -0.157401
59.5 -0.131585
59.6 -0.105795
59.7 -0.0802488
59.8 -0.0548237
59.9 -0.02959
60 -0.00451477
60.1 0.0203827
60.2 0.0451078
60.3 0.0696549
60.4 0.0940228
60.5 0.118208
60.6 0.142209
60.7 0.166021
60.8 0.189642
60.9 0.213069
61 0.236299
61.1 0.259327
61.2 0.282149
61.3 0.304763
61.4 0.327163
61.5 0.349345
61.6 0.371304
61.7 0.393034
61.8 0.414531
61.9 0.435787
62 0.456797
62.1 0.477552
62.2 0.498046
62.3 0.518269
62.4 0.538211
62.5 0.557863
62.6 0.577212
62.7 0.596244
62.8 0.614944
62.9 0.633296
63 0.651278
63.1 0.668866
63.2 0.686033
63.3 0.702743
63.4 0.718956
63.5 0.734617
63.6 0.74966
63.7 0.763995
63.8 0.7775
63.9 0.790002
64 0.801247
64.1 0.810837
64.2 0.818119
64.3 0.82195
64.4 0.820215
64.5 0.809053
64.6 0.783466
64.7 0.75103
64.8 0.72707
64.9 0.694555
65 0.671313
65.1 0.639211
65.2 0.615749
65.3 0.584237
65.4 0.560285
65.5 0.529435
65.6 0.504956
65.7 0.474818
65.8 0.449832
65.9 0.420442
66 0.395005
66.1 0.366376
66.2 0.340585
66.3 0.312691
66.4 0.28668
66.5 0.259455
66.6 0.233377
66.7 0.206727
66.8 0.180729
66.9 0.154556
67 0.128753
67.1 0.102984
67.2 0.0774538
67.3 0.0520482
67.4 0.0268324
67.5 0.00177627
67.6 -0.0231023
67.7 -0.0478081
67.8 -0.0723356
67.9 -0.0966836
68 -0.120849
68.1 -0.144829
68.2 -0.16862
68.3 -0.192221
68.4 -0.215626
68.5 -0.238833
68.6 -0.261839
68.7 -0.284639
68.8 -0.30723
68.9 -0.329606
69 -0.351764
69.1 -0.373698
69.2 -0.395403
69.3 -0.416874
69.4 -0.438103
69.5 -0.459085
69.6 -0.479812
69.7 -0.500277
69.8 -0.520469
69.9 -0.540381
70 -0.559999
70.1 -0.579314
70.2 -0.598311
70.3 -0.616974
70.4 -0.635286
70.5 -0.653226
70.6 -0.670769
70.7 -0.687888
70.8 -0.704546
70.9 -0.720701
71 -0.736298
71.1 -0.751269
71.2 -0.765519
71.3 -0.778924
71.4 -0.791302
71.5 -0.802388
71.6 -0.811764
71.7 -0.818735
71.8 -0.822083
71.9 -0.819542
72 -0.807022
72.1 -0.779786
72.2 -0.748514
72.3 -0.722519
72.4 -0.690926
72.5 -0.666046
72.6 -0.63445
72.7 -0.610141
72.8 -0.578895
72.9 -0.554554
73 -0.523874
73.1 -0.499189
73.2 -0.469184
73.3 -0.44407
73.4 -0.414794
73.5 -0.389272
73.6 -0.360744
73.7 -0.334899
73.8 -0.307093
73.9 -0.281054
74 -0.253903
74.1 -0.22782
74.2 -0.201228
74.3 -0.175243
74.4 -0.149116
74.5 -0.123339
74.6 -0.0976096
74.7 -0.0721104
74.8 -0.0467419
74.9 -0.0215606
75 0.00345896
75.1 0.0283013
75.2 0.0529699
75.3 0.07746
75.4 0.10177
75.5 0.125896
75.6 0.149837
75.7 0.173589
75.8 0.197148
75.9 0.220513
76 0.243678
76.1 0.266641
76.2 0.289397
76.3 0.311943
76.4 0.334274
76.5 0.356385
76.6 0.378272
76.7 0.399928
76.8 0.421349
76.9 0.442527
77 0.463456
77.1 0.484129
77.2 0.504537
77.3 0.524671
77.4 0.544522
77.5 0.564078
77.6 0.583327
77.7 0.602255
77.8 0.620847
77.9 0.639082
78 0.656941
78.1 0.674398
78.2 0.691423
78.3 0.70798
78.4 0.724022
78.5 0.739495
78.6 0.754322
78.7 0.768407
78.8 0.781614
78.9 0.793747
79 0.804515
79.1 0.813456
79.2 0.819794
79.3 0.822142
79.4 0.81792
79.5 0.802609
79.6 0.772504
79.7 0.744494
79.8 0.714278
79.9 0.687008
80 0.656692
80.1 0.630141
80.2 0.599837
80.3 0.573836
80.4 0.543734
80.5 0.518009
80.6 0.488303
80.7 0.462594
80.8 0.433434
80.9 0.407584
81 0.379054
81.1 0.353029
81.2 0.325149
81.3 0.298999
81.4 0.271738
81.5 0.245568
81.6 0.218853
81.7 0.192781
81.8 0.166533
81.9 0.140659
82 0.114812
82.1 0.0892083
82.2 0.0637244
82.3 0.0384318
82.4 0.0132964
82.5 -0.0116617
82.6 -0.0364485
82.7 -0.061058
82.8 -0.0854892
82.9 -0.109739
83 -0.133805
83.1 -0.157683
83.2 -0.181372
83.3 -0.204868
83.4 -0.228167
83.5 -0.251266
83.6 -0.274161
83.7 -0.296849
83.8 -0.319324
83.9 -0.341583
84 -0.363621
84.1 -0.385432
84.2 -0.407012
84.3 -0.428353
84.4 -0.44945
84.5 -0.470296
84.6 -0.490882
84.7 -0.511201
84.8 -0.531243
84.9 -0.550998
85 -0.570455
85.1 -0.5896
85.2 -0.608419
85.3 -0.626895
85.4 -0.645009
85.5 -0.662738
85.6 -0.680056
85.7 -0.696931
85.8 -0.713324
85.9 -0.729186
86 -0.744455
86.1 -0.759051
86.2 -0.772863
86.3 -0.785742
86.4 -0.797464
86.5 -0.807693
86.6 -0.815883
86.7 -0.821102
86.8 -0.821653
86.9 -0.814378
87 -0.794235
87.1 -0.761192
87.2 -0.738325
87.3 -0.70551
87.4 -0.682742
87.5 -0.650476
87.6 -0.627204
87.7 -0.595547
87.8 -0.571731
87.9 -0.540733
88 -0.516373
88.1 -0.486081
88.2 -0.461201
88.3 -0.431653
88.4 -0.406305
88.5 -0.377518
88.6 -0.351792
88.7 -0.323749
88.8 -0.297772
88.9 -0.270416
89 -0.24434
89.1 -0.217578
89.2 -0.191553
89.3 -0.165288
89.4 -0.139438
89.5 -0.11359
89.6 -0.0879989
89.7 -0.0625199
89.8 -0.0372369
89.9 -0.0121088
90 0.0128408
90.1 0.0376195
90.2 0.0622205
90.3 0.0866432
90.4 0.110884
90.5 0.134941
90.6 0.158811
90.7 0.182491
90.8 0.205977
90.9 0.229267
91 0.252356
91.1 0.275242
91.2 0.297919
91.3 0.320385
91.4 0.342633
91.5 0.36466
91.6 0.386461
91.7 0.408029
91.8 0.429359
91.9 0.450444
92 0.471278
92.1 0.491852
92.2 0.512158
92.3 0.532186
92.4 0.551928
92.5 0.57137
92.6 0.590499
92.7 0.609302
92.8 0.627762
92.9 0.645858
93 0.663569
93.1 0.680867
93.2 0.69772
93.3 0.714089
93.4 0.729924
93.5 0.745163
93.6 0.759724
93.7 0.773497
93.8 0.786326
93.9 0.797986
94 0.808132
94.1 0.816207
94.2 0.821252
94.3 0.821518
94.4 0.813758
94.5 0.792886
94.6 0.759661
94.7 0.737182
94.8 0.704358
94.9 0.68162
95 0.649363
95.1 0.626085
95.2 0.59444
95.3 0.570614
95.4 0.539629
95.5 0.515259
95.6 0.484982
95.7 0.460092
95.8 0.430559
95.9 0.405203
96 0.376431
96.1 0.350699
96.2 0.32267
96.3 0.29669
96.4 0.269346
96.5 0.24327
96.6 0.216519
96.7 0.190497
96.8 0.164241
96.9 0.138395
97 0.112555
97.1 0.0869697
97.2 0.0614979
97.3 0.0362214
97.4 0.0111003
97.5 -0.0138424
97.6 -0.038614
97.7 -0.0632078
97.8 -0.0876233
97.9 -0.111857
98 -0.135906
98.1 -0.159769
98.2 -0.18344
98.3 -0.206919
98.4 -0.230201
98.5 -0.253282
98.6 -0.276159
98.7 -0.298828
98.8 -0.321285
98.9 -0.343525
99 -0.365543
99.1 -0.387334
99.2 -0.408893
99.3 -0.430213
99.4 -0.451289
99.5 -0.472112
99.6 -0.492675
99.7 -0.51297
99.8 -0.532987
99.9 -0.552717
